0.098691 0.995118 0.000550 -0.000096 -0.190043 0.019390 -0.981584 0.000028 -0.976803 0.096769 0.191029 -0.000014 0.000000 0.000000 0.000000 1.000000
0.100590 0.994928 -0.000040 0.002942 -0.190420 0.019212 -0.981515 0.003119 -0.976536 0.098738 0.191387 0.015861 0.000000 0.000000 0.000000 1.000000
0.097014 0.995283 0.000075 -0.017706 -0.191457 0.018736 -0.981322 0.034776 -0.976695 0.095187 0.192372 0.177308 0.000000 0.000000 0.000000 1.000000
0.097213 0.995264 -0.000002 -0.012352 -0.191828 0.018735 -0.981250 0.033431 -0.976602 0.095390 0.192741 0.170022 0.000000 0.000000 0.000000 1.000000
0.097352 0.995250 -0.000083 -0.010069 -0.191954 0.018694 -0.981226 0.028915 -0.976564 0.095540 0.192862 0.146889 0.000000 0.000000 0.000000 1.000000
0.097835 0.995203 -0.000111 -0.008596 -0.192071 0.018773 -0.981201 0.025901 -0.976492 0.096017 0.192987 0.131465 0.000000 0.000000 0.000000 1.000000
0.094078 0.995565 0.000105 0.082220 -0.191130 0.018165 -0.981397 -0.091242 -0.977046 0.092308 0.191991 -0.467051 0.000000 0.000000 0.000000 1.000000
0.167000 0.985957 0.000048 0.692229 -0.185635 0.031491 -0.982114 -0.857831 -0.968324 0.164004 0.188287 -2.862736 0.000000 0.000000 0.000000 1.000000
0.199862 0.979824 0.000006 1.285668 -0.184787 0.037698 -0.982055 -1.486834 -0.962241 0.196275 0.188594 -6.133097 0.000000 0.000000 0.000000 1.000000
0.230292 0.973121 0.000005 1.715581 -0.178464 0.042239 -0.983040 -2.182961 -0.956617 0.226386 0.183394 -10.046975 0.000000 0.000000 0.000000 1.000000
0.235154 0.971958 0.000006 1.732746 -0.179188 0.043359 -0.982859 -2.915789 -0.955298 0.231122 0.184359 -13.899723 0.000000 0.000000 0.000000 1.000000
0.240545 0.970638 -0.000001 1.662474 -0.190034 0.047094 -0.980647 -3.899649 -0.951854 0.235890 0.195782 -17.982531 0.000000 0.000000 0.000000 1.000000
0.249365 0.968410 0.000008 1.698021 -0.181739 0.046806 -0.982232 -4.220589 -0.951203 0.244933 0.187670 -22.092039 0.000000 0.000000 0.000000 1.000000
0.245536 0.969387 0.000007 1.434418 -0.182716 0.046288 -0.982075 -5.269398 -0.952012 0.241134 0.188488 -27.456380 0.000000 0.000000 0.000000 1.000000
0.241490 0.970403 -0.000016 1.156172 -0.189064 0.047033 -0.980838 -6.404540 -0.951808 0.236865 0.194826 -32.244958 0.000000 0.000000 0.000000 1.000000
0.235402 0.971898 -0.000015 0.752984 -0.196864 0.047667 -0.979271 -7.535012 -0.951751 0.230525 0.202552 -36.431122 0.000000 0.000000 0.000000 1.000000
0.226788 0.973944 0.000005 0.010061 -0.197495 0.045992 -0.979224 -8.722480 -0.953710 0.222075 0.202780 -42.131572 0.000000 0.000000 0.000000 1.000000
0.224285 0.974524 -0.000002 -0.540081 -0.197623 0.045480 -0.979223 -9.978323 -0.954275 0.219626 0.202789 -48.179337 0.000000 0.000000 0.000000 1.000000
0.228177 0.973620 -0.000013 -0.780102 -0.212193 0.049717 -0.975962 -12.137670 -0.950216 0.222694 0.217940 -54.346636 0.000000 0.000000 0.000000 1.000000
0.235177 0.971953 -0.000009 -0.754587 -0.222984 0.053945 -0.973328 -14.166629 -0.946029 0.228906 0.229417 -60.102474 0.000000 0.000000 0.000000 1.000000
0.244934 0.969540 -0.000006 -0.520729 -0.229730 0.058030 -0.971523 -16.487094 -0.941930 0.237961 0.236946 -66.322791 0.000000 0.000000 0.000000 1.000000
0.235317 0.971919 -0.000004 -1.737923 -0.223763 0.054173 -0.973137 -18.335489 -0.945810 0.228997 0.230228 -73.543424 0.000000 0.000000 0.000000 1.000000
0.187922 0.982184 0.000005 -6.396932 -0.214974 0.041136 -0.975753 -19.443509 -0.958369 0.183365 0.218874 -81.134654 0.000000 0.000000 0.000000 1.000000
0.040813 0.999167 0.000011 -20.830938 -0.201368 0.008237 -0.979481 -19.883260 -0.978665 0.039974 0.201536 -87.603973 0.000000 0.000000 0.000000 1.000000
-0.152360 0.988325 0.000011 -40.510259 -0.194698 -0.030003 -0.980404 -20.170826 -0.968958 -0.149376 0.196996 -89.596077 0.000000 0.000000 0.000000 1.000000
-0.351980 0.936007 0.000071 -61.588120 -0.175207 -0.065811 -0.982330 -19.018750 -0.919463 -0.345773 0.187160 -86.817680 0.000000 0.000000 0.000000 1.000000
-0.522880 0.852406 -0.000022 -80.008678 -0.151019 -0.092663 -0.984178 -17.271448 -0.838922 -0.514604 0.177181 -80.478943 0.000000 0.000000 0.000000 1.000000
-0.673026 0.739619 0.000243 -96.809970 -0.116293 -0.105498 -0.987596 -14.407340 -0.730419 -0.664706 0.157015 -71.383449 0.000000 0.000000 0.000000 1.000000
-0.760617 0.649201 0.000282 -107.255095 -0.111917 -0.130697 -0.985085 -14.588244 -0.639482 -0.749304 0.172067 -65.862433 0.000000 0.000000 0.000000 1.000000
-0.773186 0.634179 0.000595 -109.465744 -0.105567 -0.127781 -0.986168 -15.299104 -0.625331 -0.762555 0.165747 -71.006277 0.000000 0.000000 0.000000 1.000000
-0.759824 0.650129 0.000089 -107.727782 -0.102780 -0.119987 -0.987441 -16.328752 -0.641953 -0.750290 0.157989 -80.926546 0.000000 0.000000 0.000000 1.000000
-0.776462 0.630165 0.000151 -110.180647 -0.094330 -0.115992 -0.988761 -16.225601 -0.623064 -0.767749 0.149507 -84.993784 0.000000 0.000000 0.000000 1.000000
-0.795462 0.606003 0.000642 -113.516622 -0.089447 -0.116364 -0.989171 -16.217833 -0.599366 -0.786905 0.146769 -88.662476 0.000000 0.000000 0.000000 1.000000
-0.832919 0.553394 0.000775 -120.039460 -0.078217 -0.116339 -0.990125 -15.739770 -0.547839 -0.824755 0.140186 -89.611965 0.000000 0.000000 0.000000 1.000000
-0.885525 0.464591 0.000497 -129.940998 -0.066253 -0.125222 -0.989914 -15.114972 -0.459843 -0.876627 0.141668 -86.413800 0.000000 0.000000 0.000000 1.000000
-0.922602 0.385754 0.000375 -138.224618 -0.050677 -0.120240 -0.991450 -13.791978 -0.382411 -0.914733 0.130483 -83.908862 0.000000 0.000000 0.000000 1.000000
-0.961386 0.275194 0.002419 -149.295765 -0.032236 -0.103878 -0.994068 -10.738499 -0.273310 -0.955760 0.108738 -76.418214 0.000000 0.000000 0.000000 1.000000
-0.983401 0.181438 0.001374 -157.310795 -0.023954 -0.122318 -0.992202 -11.115110 -0.179855 -0.975766 0.124634 -71.468826 0.000000 0.000000 0.000000 1.000000
-0.990723 0.135897 -0.000017 -161.083512 -0.021113 -0.154041 -0.987839 -13.077368 -0.134246 -0.978674 0.155481 -73.298113 0.000000 0.000000 0.000000 1.000000
-0.989383 0.145331 0.000270 -160.686516 -0.022035 -0.148175 -0.988716 -14.059263 -0.143651 -0.978224 0.149805 -82.677631 0.000000 0.000000 0.000000 1.000000
-0.989184 0.146677 0.000098 -160.701867 -0.022063 -0.148134 -0.988721 -15.099591 -0.145008 -0.978030 0.149767 -89.565724 0.000000 0.000000 0.000000 1.000000
-0.986910 0.161274 0.000651 -159.707577 -0.026242 -0.156605 -0.987313 -17.220664 -0.159126 -0.974405 0.158787 -97.608016 0.000000 0.000000 0.000000 1.000000
-0.991888 0.127113 0.000317 -163.741051 -0.021308 -0.163809 -0.986262 -18.085758 -0.125315 -0.978268 0.165189 -98.803651 0.000000 0.000000 0.000000 1.000000
-0.997907 0.064661 0.000026 -170.846771 -0.010767 -0.165765 -0.986107 -17.516892 -0.063759 -0.984043 0.166114 -94.839339 0.000000 0.000000 0.000000 1.000000
-0.997995 0.063296 -0.000020 -171.651802 -0.010940 -0.172799 -0.984896 -19.056560 -0.062343 -0.982921 0.173145 -99.596988 0.000000 0.000000 0.000000 1.000000
-0.997954 0.063936 0.000278 -172.129047 -0.011671 -0.177900 -0.983979 -20.122815 -0.062862 -0.981969 0.178282 -102.587198 0.000000 0.000000 0.000000 1.000000
-0.997508 0.070558 0.000070 -171.827906 -0.012677 -0.178244 -0.983905 -21.875299 -0.069410 -0.981453 0.178694 -110.244435 0.000000 0.000000 0.000000 1.000000
-0.996705 0.081114 0.000111 -171.489065 -0.014548 -0.177418 -0.984028 -23.609346 -0.079799 -0.980787 0.178014 -120.281819 0.000000 0.000000 0.000000 1.000000
-0.999269 0.038235 0.000002 -178.380277 -0.006996 -0.182790 -0.983127 -24.852223 -0.037589 -0.982408 0.182924 -121.887899 0.000000 0.000000 0.000000 1.000000
-0.999614 0.027770 0.000067 -181.311504 -0.005231 -0.185936 -0.982548 -27.216375 -0.027273 -0.982169 0.186009 -129.036017 0.000000 0.000000 0.000000 1.000000
-0.999076 0.042983 0.000024 -180.718355 -0.008142 -0.188712 -0.981999 -30.507482 -0.042205 -0.981091 0.188887 -142.474072 0.000000 0.000000 0.000000 1.000000
-0.998974 0.045298 0.000062 -181.898750 -0.008588 -0.188047 -0.982122 -33.232540 -0.044477 -0.981115 0.188243 -153.990299 0.000000 0.000000 0.000000 1.000000
-0.999066 0.043211 0.000063 -183.777254 -0.007888 -0.180947 -0.983461 -34.446187 -0.042485 -0.982543 0.181119 -165.228873 0.000000 0.000000 0.000000 1.000000
-0.999770 0.021441 -0.000001 -189.029187 -0.003686 -0.171903 -0.985107 -34.378942 -0.021122 -0.984881 0.171942 -172.200596 0.000000 0.000000 0.000000 1.000000
-0.998937 -0.046100 -0.000013 -202.877991 0.007292 -0.157718 -0.987457 -31.669333 0.045520 -0.986408 0.157887 -170.990981 0.000000 0.000000 0.000000 1.000000
-0.993186 -0.116537 -0.000112 -216.892108 0.017403 -0.147363 -0.988929 -29.752763 0.115231 -0.982193 0.148387 -167.476905 0.000000 0.000000 0.000000 1.000000
-0.983391 -0.181500 0.000458 -230.105226 0.025721 -0.141862 -0.989552 -28.154986 0.179668 -0.973105 0.144174 -163.543184 0.000000 0.000000 0.000000 1.000000
-0.970598 -0.240707 0.000108 -241.421092 0.034396 -0.139141 -0.989675 -27.443867 0.238236 -0.960573 0.143329 -159.825933 0.000000 0.000000 0.000000 1.000000
-0.962700 -0.270571 0.000604 -248.106618 0.036939 -0.133639 -0.990341 -26.489635 0.268038 -0.953379 0.138649 -160.690673 0.000000 0.000000 0.000000 1.000000
-0.960845 -0.277086 0.000475 -250.080684 0.037915 -0.133175 -0.990367 -27.138284 0.274480 -0.951571 0.138466 -167.734006 0.000000 0.000000 0.000000 1.000000
-0.963721 -0.266904 0.002154 -250.441800 0.032771 -0.126327 -0.991447 -26.758232 0.264893 -0.955408 0.130491 -176.793928 0.000000 0.000000 0.000000 1.000000
-0.959688 -0.281066 0.000261 -252.700578 0.035914 -0.123549 -0.991688 -27.118331 0.278762 -0.951703 0.128663 -183.016880 0.000000 0.000000 0.000000 1.000000
-0.961021 -0.276475 0.000224 -252.565647 0.033053 -0.115695 -0.992735 -26.462226 0.274492 -0.954031 0.120324 -193.133250 0.000000 0.000000 0.000000 1.000000
-0.960330 -0.278866 0.000184 -254.021332 0.031236 -0.108225 -0.993636 -25.654829 0.277111 -0.954212 0.112642 -202.013943 0.000000 0.000000 0.000000 1.000000
-0.955627 -0.294580 0.000154 -258.563486 0.031340 -0.102188 -0.994271 -25.054021 0.292909 -0.950147 0.106886 -207.525102 0.000000 0.000000 0.000000 1.000000
-0.957248 -0.289267 0.000055 -258.515164 0.030920 -0.102509 -0.994251 -25.804967 0.287610 -0.951744 0.107071 -219.732351 0.000000 0.000000 0.000000 1.000000
-0.966510 -0.256629 0.000418 -251.835186 0.026904 -0.102943 -0.994323 -27.295973 0.255215 -0.961012 0.106399 -238.106838 0.000000 0.000000 0.000000 1.000000
-0.978584 -0.205848 0.000064 -239.257372 0.021411 -0.102095 -0.994544 -29.213324 0.204732 -0.973244 0.104316 -261.013163 0.000000 0.000000 0.000000 1.000000
-0.990019 -0.140936 0.000069 -221.869802 0.014217 -0.100355 -0.994850 -30.390457 0.140218 -0.984919 0.101357 -286.139568 0.000000 0.000000 0.000000 1.000000
-0.996240 -0.086636 0.000328 -206.578868 0.008654 -0.103284 -0.994614 -32.985591 0.086203 -0.990872 0.103645 -307.829333 0.000000 0.000000 0.000000 1.000000
-0.999511 -0.031253 0.000968 -190.053624 0.002526 -0.111575 -0.993753 -37.416207 0.031166 -0.993264 0.111599 -328.763591 0.000000 0.000000 0.000000 1.000000
-0.998510 0.054570 0.000548 -161.166491 -0.007642 -0.129859 -0.991503 -46.772730 -0.054035 -0.990030 0.130082 -353.893514 0.000000 0.000000 0.000000 1.000000
-0.991306 0.131574 0.000269 -133.285491 -0.017763 -0.131801 -0.991117 -50.768292 -0.130370 -0.982505 0.132992 -375.397458 0.000000 0.000000 0.000000 1.000000
-0.982823 0.184552 0.000270 -113.473755 -0.025039 -0.131896 -0.990947 -53.782846 -0.182846 -0.973932 0.134252 -392.407998 0.000000 0.000000 0.000000 1.000000
-0.968959 0.247220 0.000478 -89.107094 -0.035030 -0.135382 -0.990174 -58.944493 -0.244726 -0.959455 0.139839 -409.748635 0.000000 0.000000 0.000000 1.000000
-0.940602 0.339510 -0.000004 -48.235043 -0.048625 -0.134726 -0.989689 -63.230622 -0.336010 -0.930904 0.143233 -428.116413 0.000000 0.000000 0.000000 1.000000
-0.927888 0.372860 0.000022 -33.636387 -0.050151 -0.124745 -0.990921 -61.120543 -0.369472 -0.919464 0.134449 -441.009585 0.000000 0.000000 0.000000 1.000000
-0.935518 0.353279 0.000148 -45.209522 -0.043957 -0.115986 -0.992278 -58.345089 -0.350534 -0.928300 0.124036 -454.200018 0.000000 0.000000 0.000000 1.000000
-0.926680 0.375852 0.000294 -36.181781 -0.046701 -0.114367 -0.992340 -60.375375 -0.372939 -0.919595 0.123534 -469.483466 0.000000 0.000000 0.000000 1.000000
-0.924516 0.381144 -0.000155 -35.231848 -0.049257 -0.119881 -0.991566 -66.217667 -0.377948 -0.916710 0.129606 -482.357790 0.000000 0.000000 0.000000 1.000000
-0.931304 0.364243 0.000007 -46.080299 -0.047138 -0.120505 -0.991593 -67.170548 -0.361179 -0.923475 0.129397 -495.884351 0.000000 0.000000 0.000000 1.000000
-0.932025 0.362395 -0.000023 -49.061564 -0.046213 -0.118916 -0.991828 -67.942798 -0.359436 -0.924407 0.127581 -509.111164 0.000000 0.000000 0.000000 1.000000
-0.926828 0.375485 -0.000032 -43.973287 -0.049403 -0.122027 -0.991297 -72.590483 -0.372221 -0.918760 0.131648 -523.017015 0.000000 0.000000 0.000000 1.000000
-0.921845 0.387559 0.000025 -38.812740 -0.055051 -0.130882 -0.989868 -80.140904 -0.383629 -0.912507 0.141988 -536.569650 0.000000 0.000000 0.000000 1.000000
-0.916685 0.399610 0.000167 -33.261401 -0.054075 -0.123631 -0.990854 -78.598998 -0.395935 -0.908310 0.134940 -551.448907 0.000000 0.000000 0.000000 1.000000
-0.917252 0.398307 -0.000059 -35.244335 -0.053110 -0.122452 -0.991052 -79.401316 -0.394751 -0.909042 0.133474 -564.059962 0.000000 0.000000 0.000000 1.000000
-0.921956 0.387295 0.000265 -44.448652 -0.045323 -0.107210 -0.993203 -71.335539 -0.384634 -0.915701 0.116397 -578.179509 0.000000 0.000000 0.000000 1.000000
-0.924170 0.381981 0.000057 -49.124338 -0.038489 -0.092973 -0.994924 -63.443316 -0.380037 -0.919482 0.100625 -590.974855 0.000000 0.000000 0.000000 1.000000
-0.920239 0.391357 0.000147 -44.881188 -0.037077 -0.086809 -0.995535 -60.989511 -0.389597 -0.916135 0.094396 -603.568913 0.000000 0.000000 0.000000 1.000000
-0.918899 0.394492 0.000058 -43.788417 -0.034994 -0.081367 -0.996070 -57.868573 -0.392937 -0.915290 0.088573 -615.653800 0.000000 0.000000 0.000000 1.000000
-0.927321 0.374266 -0.000067 -58.793545 -0.033539 -0.083278 -0.995962 -59.525664 -0.372760 -0.923574 0.089778 -625.353750 0.000000 0.000000 0.000000 1.000000
-0.945603 0.325323 0.000291 -94.588763 -0.027409 -0.078778 -0.996515 -56.510489 -0.324166 -0.942316 0.083409 -631.850048 0.000000 0.000000 0.000000 1.000000
-0.975839 0.218492 0.000113 -167.350749 -0.017470 -0.077511 -0.996838 -52.747951 -0.217792 -0.972756 0.079455 -631.739486 0.000000 0.000000 0.000000 1.000000
-0.984496 0.175405 0.000032 -197.502086 -0.013959 -0.078164 -0.996843 -53.127395 -0.174849 -0.981389 0.079400 -636.147893 0.000000 0.000000 0.000000 1.000000
-0.991049 0.133491 0.001108 -229.095608 -0.011494 -0.077061 -0.996960 -52.329140 -0.133000 -0.988049 0.077906 -638.356508 0.000000 0.000000 0.000000 1.000000
-0.990067 0.140596 0.000656 -224.758088 -0.012341 -0.082251 -0.996535 -56.170061 -0.140055 -0.986645 0.083169 -652.363477 0.000000 0.000000 0.000000 1.000000
-0.982970 0.183757 0.001551 -199.569208 -0.017803 -0.086829 -0.996064 -61.622273 -0.182899 -0.979129 0.088622 -672.444369 0.000000 0.000000 0.000000 1.000000
-0.976093 0.217353 0.000618 -174.311101 -0.022665 -0.098955 -0.994834 -71.522068 -0.216169 -0.971064 0.101516 -689.325991 0.000000 0.000000 0.000000 1.000000
-0.890142 0.455683 0.000041 7.833161 -0.051893 -0.101280 -0.993504 -83.407044 -0.452718 -0.884362 0.113800 -717.814951 0.000000 0.000000 0.000000 1.000000
-0.661217 0.750195 -0.000334 275.842591 -0.079575 -0.070580 -0.994327 -72.734185 -0.745962 -0.657439 0.106366 -670.135031 0.000000 0.000000 0.000000 1.000000
-0.423531 0.905882 -0.000541 459.278719 -0.091659 -0.043448 -0.994842 -59.651382 -0.901233 -0.421297 0.101434 -568.148814 0.000000 0.000000 0.000000 1.000000
-0.131584 0.991305 -0.000247 612.647162 -0.110233 -0.014880 -0.993794 -46.722642 -0.985157 -0.130740 0.111232 -409.034959 0.000000 0.000000 0.000000 1.000000
0.001332 0.999999 0.000413 661.415837 -0.112209 0.000560 -0.993685 -38.223021 -0.993684 0.001277 0.112209 -334.068803 0.000000 0.000000 0.000000 1.000000
-0.051889 0.998653 -0.000093 643.076340 -0.116795 -0.006161 -0.993137 -44.487146 -0.991800 -0.051522 0.116957 -371.825611 0.000000 0.000000 0.000000 1.000000
-0.093255 0.995642 -0.000255 624.714272 -0.118831 -0.011385 -0.992849 -49.277380 -0.988526 -0.092558 0.119375 -405.241817 0.000000 0.000000 0.000000 1.000000
-0.122452 0.992474 -0.000211 609.763274 -0.110557 -0.013852 -0.993773 -48.489973 -0.986297 -0.121667 0.111422 -432.170199 0.000000 0.000000 0.000000 1.000000
-0.154049 0.988063 -0.000527 595.293167 -0.104310 -0.016794 -0.994403 -48.720676 -0.982542 -0.153132 0.105652 -457.359998 0.000000 0.000000 0.000000 1.000000
-0.222982 0.974822 -0.001182 559.872764 -0.095350 -0.023017 -0.995178 -50.005013 -0.970148 -0.221794 0.098081 -506.406371 0.000000 0.000000 0.000000 1.000000
-0.290924 0.956746 -0.000571 518.061556 -0.094971 -0.029473 -0.995044 -55.077995 -0.952021 -0.289428 0.099437 -555.943634 0.000000 0.000000 0.000000 1.000000
-0.386818 0.922156 -0.000484 454.995931 -0.087718 -0.037318 -0.995446 -58.568031 -0.917975 -0.385014 0.095325 -617.061307 0.000000 0.000000 0.000000 1.000000
-0.490440 0.871475 -0.000521 378.294076 -0.085719 -0.048835 -0.995122 -65.922818 -0.867249 -0.488003 0.098653 -675.166192 0.000000 0.000000 0.000000 1.000000
-0.583255 0.812289 -0.000104 295.245036 -0.080514 -0.057940 -0.995068 -70.731464 -0.808289 -0.580370 0.099195 -724.498123 0.000000 0.000000 0.000000 1.000000
-0.643227 0.765676 -0.000107 235.946521 -0.077091 -0.064903 -0.994909 -74.776822 -0.761785 -0.639944 0.100774 -755.737271 0.000000 0.000000 0.000000 1.000000
-0.699264 0.714864 -0.000255 175.812596 -0.072141 -0.070921 -0.994870 -77.575665 -0.711214 -0.695658 0.101164 -781.551863 0.000000 0.000000 0.000000 1.000000
-0.762490 0.647000 -0.000081 97.809185 -0.065638 -0.077478 -0.994831 -79.974603 -0.643662 -0.758544 0.101544 -805.856690 0.000000 0.000000 0.000000 1.000000
-0.810345 0.585953 -0.000015 31.451748 -0.062043 -0.085828 -0.994376 -84.867361 -0.582659 -0.805787 0.105905 -821.484215 0.000000 0.000000 0.000000 1.000000
-0.853161 0.521647 -0.000132 -34.975975 -0.056886 -0.093288 -0.994013 -88.562356 -0.518536 -0.848046 0.109264 -831.436752 0.000000 0.000000 0.000000 1.000000
-0.885695 0.464267 0.000093 -93.130245 -0.049336 -0.093920 -0.994357 -85.935196 -0.461638 -0.880702 0.106090 -836.869349 0.000000 0.000000 0.000000 1.000000
-0.917969 0.396652 0.000107 -158.617889 -0.048090 -0.111026 -0.992653 -98.463070 -0.393726 -0.911230 0.120994 -835.348334 0.000000 0.000000 0.000000 1.000000
-0.942226 0.334977 0.000330 -217.601198 -0.043161 -0.120427 -0.991783 -103.532622 -0.332185 -0.934499 0.127927 -831.562764 0.000000 0.000000 0.000000 1.000000
-0.952510 0.304509 0.000302 -247.687342 -0.032208 -0.099762 -0.994490 -84.183612 -0.302801 -0.947271 0.104832 -837.120203 0.000000 0.000000 0.000000 1.000000
-0.940781 0.339014 0.000117 -219.180591 -0.035344 -0.097739 -0.994584 -85.071211 -0.337166 -0.935691 0.103933 -856.237059 0.000000 0.000000 0.000000 1.000000
-0.916199 0.400723 0.000054 -164.147759 -0.046097 -0.105261 -0.993376 -97.084543 -0.398063 -0.910132 0.114912 -877.346020 0.000000 0.000000 0.000000 1.000000
-0.885191 0.465227 0.000064 -102.915409 -0.051509 -0.097870 -0.993865 -94.791427 -0.462367 -0.879764 0.110597 -896.919582 0.000000 0.000000 0.000000 1.000000
-0.850117 0.526595 0.000037 -41.830303 -0.059357 -0.095753 -0.993634 -98.343880 -0.523239 -0.844707 0.112658 -911.810369 0.000000 0.000000 0.000000 1.000000
-0.809054 0.587734 0.000053 22.854604 -0.069063 -0.094981 -0.993080 -103.573472 -0.583662 -0.803460 0.117436 -921.782849 0.000000 0.000000 0.000000 1.000000
-0.745329 0.666697 -0.000234 115.093974 -0.082046 -0.092070 -0.992367 -109.764631 -0.661629 -0.739620 0.123322 -924.526589 0.000000 0.000000 0.000000 1.000000
-0.699844 0.714296 -0.000642 175.311361 -0.084712 -0.083890 -0.992868 -106.300277 -0.709255 -0.694798 0.119219 -925.162617 0.000000 0.000000 0.000000 1.000000
-0.644446 0.764650 -0.000081 238.342148 -0.095138 -0.080287 -0.992221 -109.901479 -0.758708 -0.639425 0.124487 -920.628893 0.000000 0.000000 0.000000 1.000000
-0.573920 0.818911 -0.000603 318.923991 -0.102874 -0.072828 -0.992025 -108.910207 -0.812424 -0.569281 0.126042 -905.265865 0.000000 0.000000 0.000000 1.000000
-0.516430 0.856329 -0.000928 380.287889 -0.105515 -0.064708 -0.992310 -106.281489 -0.849804 -0.512361 0.123773 -890.378234 0.000000 0.000000 0.000000 1.000000
-0.468000 0.883728 -0.000225 421.130014 -0.099878 -0.053145 -0.993579 -94.259323 -0.878066 -0.464973 0.113137 -880.821706 0.000000 0.000000 0.000000 1.000000
-0.457672 0.889121 -0.000098 427.634465 -0.095309 -0.049170 -0.994233 -89.394301 -0.883998 -0.455023 0.107245 -885.156619 0.000000 0.000000 0.000000 1.000000
-0.447108 0.894480 -0.000101 434.672691 -0.100512 -0.050354 -0.993661 -94.479368 -0.888815 -0.444263 0.112420 -887.335014 0.000000 0.000000 0.000000 1.000000
-0.436325 0.899789 -0.000102 441.347441 -0.107843 -0.052408 -0.992786 -100.750446 -0.893303 -0.433167 0.119903 -888.910361 0.000000 0.000000 0.000000 1.000000
-0.433216 0.901290 -0.000139 440.302434 -0.114983 -0.055420 -0.991820 -108.029601 -0.893926 -0.429656 0.127642 -894.244812 0.000000 0.000000 0.000000 1.000000
-0.445608 0.895228 -0.000085 425.088662 -0.108815 -0.054258 -0.992580 -104.094671 -0.888591 -0.442292 0.121592 -906.467794 0.000000 0.000000 0.000000 1.000000
-0.455458 0.890257 -0.000037 413.319311 -0.113108 -0.057908 -0.991894 -110.118301 -0.883043 -0.451762 0.127069 -913.554477 0.000000 0.000000 0.000000 1.000000
-0.463633 0.886028 0.000200 402.670685 -0.119681 -0.062402 -0.990849 -118.470822 -0.877907 -0.459414 0.134972 -919.867292 0.000000 0.000000 0.000000 1.000000
-0.468665 0.883376 -0.000118 393.600459 -0.126290 -0.067134 -0.989719 -126.127501 -0.874302 -0.463832 0.143025 -927.852921 0.000000 0.000000 0.000000 1.000000
-0.468174 0.883636 -0.000235 390.755064 -0.125663 -0.066843 -0.989819 -125.975241 -0.874655 -0.463378 0.142334 -935.278669 0.000000 0.000000 0.000000 1.000000
-0.491854 0.870678 -0.000396 363.581046 -0.135067 -0.076751 -0.987859 -142.404619 -0.860138 -0.485829 0.155350 -950.124511 0.000000 0.000000 0.000000 1.000000
-0.561716 0.827330 -0.000428 277.640844 -0.126283 -0.086251 -0.988237 -145.801262 -0.817635 -0.555055 0.152927 -985.789568 0.000000 0.000000 0.000000 1.000000
-0.625636 0.780115 -0.000382 192.253960 -0.121961 -0.098294 -0.987656 -154.173894 -0.770523 -0.617866 0.156640 -1012.827194 0.000000 0.000000 0.000000 1.000000
-0.672496 0.740101 -0.000336 122.954233 -0.114165 -0.104185 -0.987984 -155.349955 -0.731242 -0.664377 0.154557 -1031.738279 0.000000 0.000000 0.000000 1.000000
-0.702921 0.711268 -0.000106 73.293828 -0.116178 -0.114961 -0.986553 -165.792026 -0.701716 -0.693457 0.163442 -1043.034734 0.000000 0.000000 0.000000 1.000000
-0.730248 0.683182 0.000038 26.527034 -0.113180 -0.120922 -0.986189 -169.389512 -0.673741 -0.720167 0.165626 -1053.849056 0.000000 0.000000 0.000000 1.000000
-0.755079 0.655634 -0.000009 -17.002451 -0.101181 -0.116541 -0.988018 -158.925795 -0.647780 -0.746031 0.154336 -1064.309789 0.000000 0.000000 0.000000 1.000000
-0.797600 0.603187 -0.000033 -94.543507 -0.093341 -0.123480 -0.987947 -160.621570 -0.595921 -0.787984 0.154789 -1069.706275 0.000000 0.000000 0.000000 1.000000
-0.837422 0.546556 -0.000082 -173.980070 -0.081114 -0.124430 -0.988907 -154.216021 -0.540504 -0.828126 0.148534 -1070.262323 0.000000 0.000000 0.000000 1.000000
-0.873077 0.487583 0.000039 -252.058791 -0.073371 -0.131302 -0.988623 -154.738731 -0.482030 -0.863147 0.150412 -1064.232418 0.000000 0.000000 0.000000 1.000000
-0.901504 0.432770 0.000028 -323.015416 -0.065098 -0.135542 -0.988631 -153.742445 -0.427846 -0.891257 0.150364 -1056.300697 0.000000 0.000000 0.000000 1.000000
-0.920902 0.389794 0.000541 -380.860052 -0.057091 -0.133506 -0.989402 -148.083305 -0.385591 -0.911173 0.145200 -1048.805225 0.000000 0.000000 0.000000 1.000000
-0.942027 0.335536 0.000477 -445.857410 -0.050401 -0.140096 -0.988854 -149.680985 -0.331729 -0.931552 0.148885 -1033.776937 0.000000 0.000000 0.000000 1.000000
-0.964607 0.263692 0.000284 -525.841710 -0.037189 -0.134974 -0.990151 -136.194413 -0.261057 -0.955117 0.140004 -1008.915134 0.000000 0.000000 0.000000 1.000000
-0.979736 0.200291 0.000527 -595.525484 -0.031116 -0.149607 -0.988256 -144.709932 -0.197860 -0.968246 0.152808 -979.231893 0.000000 0.000000 0.000000 1.000000
-0.987582 0.157090 0.002070 -648.645746 -0.025519 -0.147403 -0.988747 -138.812418 -0.155017 -0.976522 0.149581 -957.118713 0.000000 0.000000 0.000000 1.000000
-0.992896 0.118982 0.001333 -685.488706 -0.019220 -0.149312 -0.988603 -137.481094 -0.117427 -0.981605 0.150538 -943.082928 0.000000 0.000000 0.000000 1.000000
-0.998024 0.062827 0.000608 -739.553150 -0.010195 -0.152380 -0.988269 -134.829455 -0.061997 -0.986323 0.152720 -913.804894 0.000000 0.000000 0.000000 1.000000
-0.999974 -0.007230 0.000839 -807.558055 0.000226 -0.146166 -0.989260 -122.188964 0.007275 -0.989234 0.146164 -868.631483 0.000000 0.000000 0.000000 1.000000
-0.997662 -0.068332 0.000869 -864.414901 0.009328 -0.148768 -0.988828 -118.492958 0.067698 -0.986508 0.149058 -825.492042 0.000000 0.000000 0.000000 1.000000
-0.990902 -0.134583 0.000828 -921.714587 0.018591 -0.142970 -0.989552 -107.325023 0.133295 -0.980534 0.144171 -776.919697 0.000000 0.000000 0.000000 1.000000
-0.990535 -0.136364 0.015632 -970.188803 0.004190 -0.143874 -0.989587 -103.216113 0.137193 -0.980156 0.143084 -730.082085 0.000000 0.000000 0.000000 1.000000
-0.996107 -0.077197 0.042553 -1003.431457 -0.031522 -0.138855 -0.989811 -100.949178 0.082319 -0.987299 0.135881 -698.460254 0.000000 0.000000 0.000000 1.000000
-0.965610 -0.259984 0.002277 -1030.263809 0.035736 -0.141391 -0.989309 -94.212784 0.257527 -0.955205 0.145820 -673.910813 0.000000 0.000000 0.000000 1.000000
-0.959645 -0.281213 0.001018 -1044.942639 0.040255 -0.140952 -0.989198 -93.320888 0.278319 -0.949237 0.146584 -666.613604 0.000000 0.000000 0.000000 1.000000
-0.954985 -0.296653 0.001042 -1058.734999 0.042713 -0.140973 -0.989092 -92.705587 0.293563 -0.944523 0.147298 -660.430164 0.000000 0.000000 0.000000 1.000000
-0.985189 -0.167119 0.038389 -1074.608196 -0.015005 -0.138999 -0.990179 -89.786281 0.170814 -0.976089 0.134433 -650.442639 0.000000 0.000000 0.000000 1.000000
-0.940902 -0.338679 0.000414 -1093.311100 0.049124 -0.137683 -0.989257 -88.502707 0.335097 -0.930774 0.146184 -635.476443 0.000000 0.000000 0.000000 1.000000
-0.937647 -0.347589 0.000267 -1102.680850 0.049879 -0.135313 -0.989547 -87.497345 0.343991 -0.927832 0.144213 -634.189799 0.000000 0.000000 0.000000 1.000000
-0.936035 -0.351861 0.005730 -1126.350988 0.045790 -0.137924 -0.989384 -85.682940 0.348916 -0.925835 0.145213 -607.676540 0.000000 0.000000 0.000000 1.000000
-0.906904 -0.421337 0.000928 -1158.815828 0.061202 -0.133912 -0.989102 -78.857045 0.416869 -0.896963 0.147232 -561.796160 0.000000 0.000000 0.000000 1.000000
-0.891237 -0.453537 0.000975 -1184.281579 0.068680 -0.137085 -0.988175 -77.208671 0.448308 -0.880631 0.153324 -523.647053 0.000000 0.000000 0.000000 1.000000
-0.878314 -0.478085 0.000467 -1198.959449 0.071749 -0.132780 -0.988545 -73.140709 0.472670 -0.868219 0.150924 -505.978821 0.000000 0.000000 0.000000 1.000000
-0.883589 -0.468248 0.003779 -1208.034679 0.065608 -0.131784 -0.989105 -72.499388 0.463645 -0.873714 0.147163 -502.338773 0.000000 0.000000 0.000000 1.000000
-0.900238 -0.435349 0.006600 -1195.842131 0.060782 -0.140669 -0.988189 -82.936027 0.431135 -0.889204 0.153097 -545.952401 0.000000 0.000000 0.000000 1.000000
-0.903879 -0.427784 0.001730 -1179.718490 0.064726 -0.140758 -0.987926 -90.654744 0.422863 -0.892854 0.154917 -596.215960 0.000000 0.000000 0.000000 1.000000
-0.915968 -0.401252 0.000514 -1161.270010 0.060263 -0.138835 -0.988480 -96.580976 0.396701 -0.905385 0.151349 -647.549984 0.000000 0.000000 0.000000 1.000000
-0.932809 -0.360367 0.001566 -1137.188819 0.050371 -0.134685 -0.989607 -100.323457 0.356833 -0.923036 0.143787 -704.187359 0.000000 0.000000 0.000000 1.000000
-0.935525 -0.353260 0.001059 -1132.917579 0.045862 -0.124426 -0.991168 -95.446263 0.350272 -0.927214 0.132605 -727.810690 0.000000 0.000000 0.000000 1.000000
-0.935731 -0.352708 0.002216 -1143.037769 0.047914 -0.133334 -0.989912 -103.696058 0.349445 -0.926185 0.141664 -729.565674 0.000000 0.000000 0.000000 1.000000
-0.988604 -0.135611 0.065361 -1148.072610 -0.050331 -0.111444 -0.992495 -95.776904 0.141878 -0.984474 0.103348 -740.598549 0.000000 0.000000 0.000000 1.000000
-0.927387 -0.374101 0.000895 -1162.115829 0.044539 -0.112787 -0.992620 -88.640815 0.371441 -0.920504 0.121259 -736.165504 0.000000 0.000000 0.000000 1.000000
-0.926053 -0.377387 0.002342 -1175.464199 0.042497 -0.110445 -0.992973 -87.323557 0.374994 -0.919446 0.118316 -732.129047 0.000000 0.000000 0.000000 1.000000
-0.922751 -0.385393 0.001545 -1181.554829 0.043035 -0.107022 -0.993325 -85.077816 0.382985 -0.916525 0.115340 -738.827861 0.000000 0.000000 0.000000 1.000000
-0.932333 -0.361595 0.001938 -1168.052749 0.039910 -0.108226 -0.993325 -89.305866 0.359391 -0.926032 0.115334 -775.039866 0.000000 0.000000 0.000000 1.000000
-0.947000 -0.321233 0.000742 -1131.265690 0.038581 -0.116028 -0.992496 -102.165286 0.318908 -0.939865 0.122272 -840.682780 0.000000 0.000000 0.000000 1.000000
-0.961494 -0.274825 0.000565 -1091.791620 0.036572 -0.129986 -0.990841 -121.463703 0.272381 -0.952667 0.135032 -903.693086 0.000000 0.000000 0.000000 1.000000
-0.977412 -0.211331 0.002139 -1039.813199 0.025921 -0.129916 -0.991186 -129.805922 0.209747 -0.968742 0.132460 -976.085097 0.000000 0.000000 0.000000 1.000000
-0.987073 -0.160269 0.000647 -983.389178 0.022199 -0.140720 -0.989800 -148.380820 0.158725 -0.976991 0.142459 -1043.644137 0.000000 0.000000 0.000000 1.000000
-0.995804 -0.091508 0.001152 -913.163691 0.011538 -0.138026 -0.990361 -154.783420 0.090785 -0.986192 0.138503 -1117.048362 0.000000 0.000000 0.000000 1.000000
-0.998627 -0.052375 0.000759 -869.512753 0.006154 -0.131711 -0.991269 -153.290035 0.052017 -0.989904 0.131853 -1163.325444 0.000000 0.000000 0.000000 1.000000
-0.999094 -0.042395 0.003807 -873.530994 0.001829 -0.132109 -0.991234 -155.782952 0.042527 -0.990328 0.132067 -1172.283116 0.000000 0.000000 0.000000 1.000000
-0.999481 -0.032218 0.000536 -850.151987 0.003899 -0.137439 -0.990503 -164.614861 0.031986 -0.989986 0.137493 -1199.077304 0.000000 0.000000 0.000000 1.000000
-0.999501 -0.031583 0.000066 -848.909722 0.004725 -0.151591 -0.988432 -182.887946 0.031227 -0.987939 0.151665 -1206.993959 0.000000 0.000000 0.000000 1.000000
-0.997968 -0.063724 0.000062 -890.064991 0.010423 -0.164194 -0.986373 -195.310790 0.062866 -0.984368 0.164525 -1184.588617 0.000000 0.000000 0.000000 1.000000
-0.993944 -0.109887 0.000661 -947.006108 0.017445 -0.163719 -0.986353 -189.271326 0.108496 -0.980368 0.164645 -1149.934937 0.000000 0.000000 0.000000 1.000000
-0.992679 -0.120784 0.000238 -960.023255 0.017578 -0.146415 -0.989067 -169.667753 0.119498 -0.981822 0.147467 -1153.014189 0.000000 0.000000 0.000000 1.000000
-0.997610 -0.068132 0.011477 -947.868219 -0.001155 -0.149656 -0.988737 -180.643082 0.069082 -0.986388 0.149220 -1171.954127 0.000000 0.000000 0.000000 1.000000
-0.994460 -0.105111 0.000681 -946.238224 0.015816 -0.156031 -0.987626 -186.516849 0.103916 -0.982144 0.156829 -1183.441855 0.000000 0.000000 0.000000 1.000000
-0.996853 -0.078566 0.010558 -962.176738 0.001537 -0.152314 -0.988331 -187.924871 0.079258 -0.985204 0.151955 -1181.251800 0.000000 0.000000 0.000000 1.000000
-0.993185 -0.116533 0.001703 -966.313645 0.016735 -0.157061 -0.987447 -189.210193 0.115338 -0.980690 0.157941 -1188.210220 0.000000 0.000000 0.000000 1.000000
-0.991511 -0.130024 0.000502 -976.789602 0.019528 -0.152723 -0.988076 -183.772100 0.128550 -0.979678 0.153966 -1191.011748 0.000000 0.000000 0.000000 1.000000
-0.997743 -0.064879 0.017335 -978.302300 -0.007512 -0.148680 -0.988857 -187.733137 0.066734 -0.986755 0.147857 -1200.082821 0.000000 0.000000 0.000000 1.000000
-0.990169 -0.139871 0.000836 -994.766626 0.020792 -0.153091 -0.987993 -186.370750 0.138320 -0.978263 0.154494 -1196.479975 0.000000 0.000000 0.000000 1.000000
-0.988576 -0.150713 0.001832 -1016.956298 0.022138 -0.157210 -0.987317 -191.893818 0.149090 -0.975997 0.158750 -1187.759174 0.000000 0.000000 0.000000 1.000000
-0.990017 -0.140951 0.000081 -994.723101 0.022369 -0.157685 -0.987236 -195.190464 0.139165 -0.977378 0.159263 -1216.252839 0.000000 0.000000 0.000000 1.000000
-0.991387 -0.130963 0.000812 -985.472544 0.020070 -0.158053 -0.987227 -197.685535 0.129419 -0.978707 0.159321 -1232.208308 0.000000 0.000000 0.000000 1.000000
-0.988368 -0.152082 0.000864 -1015.566609 0.022781 -0.153665 -0.987860 -190.876907 0.150368 -0.976350 0.155342 -1216.089863 0.000000 0.000000 0.000000 1.000000
-0.987707 -0.156314 0.000631 -1018.668019 0.023610 -0.153173 -0.987917 -190.583504 0.154522 -0.975758 0.154981 -1218.016586 0.000000 0.000000 0.000000 1.000000
-0.909371 0.379963 0.169332 -1009.747155 -0.217435 -0.087134 -0.972178 -205.607472 -0.354637 -0.920889 0.161855 -1227.911967 0.000000 0.000000 0.000000 1.000000
-0.992331 -0.123603 0.001079 -981.030810 0.019291 -0.163488 -0.986357 -209.490864 0.122094 -0.978772 0.164619 -1258.267985 0.000000 0.000000 0.000000 1.000000
-0.993751 -0.111617 0.001050 -965.810416 0.017526 -0.165309 -0.986086 -215.125603 0.110237 -0.979905 0.166232 -1278.876265 0.000000 0.000000 0.000000 1.000000
-0.993412 -0.114594 0.000618 -968.233426 0.019091 -0.170812 -0.985119 -223.481307 0.112994 -0.978617 0.171874 -1286.010019 0.000000 0.000000 0.000000 1.000000
-0.992877 -0.119141 0.000940 -977.670928 0.018580 -0.162621 -0.986514 -214.182237 0.117687 -0.979469 0.163676 -1290.954346 0.000000 0.000000 0.000000 1.000000
-0.992940 -0.118616 0.000864 -978.284467 0.017626 -0.154746 -0.987797 -205.625640 0.117302 -0.980808 0.155745 -1304.495066 0.000000 0.000000 0.000000 1.000000
-0.997690 -0.067264 0.009495 -955.693977 0.000657 -0.149328 -0.988787 -206.153208 0.067928 -0.986497 0.149028 -1333.046073 0.000000 0.000000 0.000000 1.000000
-0.996143 -0.087726 0.001717 -944.523092 0.011772 -0.153015 -0.988154 -211.289075 0.086949 -0.984322 0.153458 -1350.982989 0.000000 0.000000 0.000000 1.000000
-0.995219 -0.097668 0.000250 -950.355783 0.015329 -0.158729 -0.987203 -218.856577 0.096457 -0.982480 0.159468 -1357.609669 0.000000 0.000000 0.000000 1.000000
-0.995743 -0.092127 0.002890 -958.403594 0.011746 -0.157929 -0.987381 -220.610155 0.091421 -0.983143 0.158339 -1361.940103 0.000000 0.000000 0.000000 1.000000
-0.993993 -0.109439 0.000722 -969.435809 0.016195 -0.153612 -0.987999 -212.875790 0.108237 -0.982052 0.154461 -1365.269778 0.000000 0.000000 0.000000 1.000000
-0.996739 -0.080182 0.009056 -978.928845 0.003230 -0.151784 -0.988408 -218.551852 0.080627 -0.985156 0.151548 -1368.126027 0.000000 0.000000 0.000000 1.000000
-0.991915 -0.126904 0.000359 -995.456975 0.020149 -0.160285 -0.986865 -223.250816 0.125295 -0.978879 0.161546 -1365.296539 0.000000 0.000000 0.000000 1.000000
-0.991109 -0.133050 0.000657 -1006.536169 0.020523 -0.157753 -0.987265 -220.096841 0.131459 -0.978474 0.159081 -1367.203747 0.000000 0.000000 0.000000 1.000000
-0.991697 -0.128594 0.000339 -999.891644 0.021001 -0.164557 -0.986144 -231.852044 0.126868 -0.977949 0.165891 -1379.812958 0.000000 0.000000 0.000000 1.000000
-0.994219 -0.107345 0.002196 -984.257147 0.015960 -0.167984 -0.985661 -241.747364 0.106174 -0.979928 0.168726 -1398.545414 0.000000 0.000000 0.000000 1.000000
-0.994188 -0.107637 0.002243 -987.158618 0.016370 -0.171732 -0.985008 -248.569356 0.106408 -0.979246 0.172496 -1401.758321 0.000000 0.000000 0.000000 1.000000
-0.992912 -0.118848 -0.000037 -988.242552 0.020915 -0.174425 -0.984448 -250.873107 0.116993 -0.977472 0.175674 -1406.022158 0.000000 0.000000 0.000000 1.000000
-0.991070 -0.133345 0.000022 -1010.718278 0.021887 -0.162836 -0.986410 -233.118601 0.131537 -0.977601 0.164300 -1398.805105 0.000000 0.000000 0.000000 1.000000
-0.990321 -0.138795 0.000352 -1018.669768 0.022477 -0.162876 -0.986391 -232.463375 0.136964 -0.976835 0.164419 -1398.633667 0.000000 0.000000 0.000000 1.000000
-0.990563 -0.137054 0.000279 -1018.018639 0.022709 -0.166140 -0.985841 -238.512207 0.135160 -0.976531 0.167685 -1401.396446 0.000000 0.000000 0.000000 1.000000
-0.990983 -0.133985 0.000125 -1012.231880 0.022338 -0.166140 -0.985849 -239.139423 0.132110 -0.976957 0.167635 -1408.332389 0.000000 0.000000 0.000000 1.000000
-0.992090 -0.125525 0.000424 -1003.110899 0.021751 -0.175235 -0.984286 -254.711045 0.123627 -0.976492 0.176579 -1417.009086 0.000000 0.000000 0.000000 1.000000
-0.991083 -0.133245 0.000032 -1014.370850 0.024157 -0.179918 -0.983385 -261.585028 0.131037 -0.974615 0.181533 -1415.121237 0.000000 0.000000 0.000000 1.000000
-0.989622 -0.143698 0.000073 -1029.619290 0.026891 -0.185690 -0.982240 -269.809853 0.141160 -0.972044 0.187627 -1411.612039 0.000000 0.000000 0.000000 1.000000
-0.993083 -0.117414 -0.000030 -991.636974 0.023982 -0.202582 -0.978972 -300.791825 0.114939 -0.972201 0.203997 -1442.041169 0.000000 0.000000 0.000000 1.000000
-0.994362 -0.106040 0.000140 -975.587140 0.022869 -0.215735 -0.976184 -324.638459 0.103545 -0.970677 0.216944 -1458.434810 0.000000 0.000000 0.000000 1.000000
-0.995764 -0.091921 0.002248 -970.574596 0.018801 -0.227477 -0.973602 -347.914134 0.090006 -0.969435 0.228241 -1466.789335 0.000000 0.000000 0.000000 1.000000
-0.994530 -0.104455 0.000373 -977.019153 0.023662 -0.228766 -0.973194 -349.609195 0.101740 -0.967861 0.229986 -1473.324338 0.000000 0.000000 0.000000 1.000000
-0.994506 -0.104678 0.000011 -976.336112 0.023675 -0.225033 -0.974064 -346.975213 0.101965 -0.968712 0.226275 -1485.737960 0.000000 0.000000 0.000000 1.000000
-0.994542 -0.104333 0.000056 -976.961880 0.024154 -0.230774 -0.972707 -359.009387 0.101499 -0.967397 0.232035 -1494.750640 0.000000 0.000000 0.000000 1.000000
-0.997106 -0.075770 0.006215 -986.709549 0.011082 -0.225736 -0.974125 -363.955599 0.075212 -0.971237 0.225923 -1499.009388 0.000000 0.000000 0.000000 1.000000
-0.995120 -0.098674 0.000020 -973.116072 0.024004 -0.242278 -0.969910 -385.662301 0.095710 -0.965176 0.243464 -1515.925725 0.000000 0.000000 0.000000 1.000000
-0.993661 -0.112262 -0.005905 -993.820548 0.031815 -0.230443 -0.972566 -378.363479 0.107821 -0.966588 0.232554 -1518.242989 0.000000 0.000000 0.000000 1.000000
-0.992747 -0.120221 -0.000034 -1010.810639 0.027682 -0.228319 -0.973193 -366.907641 0.116990 -0.966135 0.229991 -1525.993944 0.000000 0.000000 0.000000 1.000000
-0.990311 -0.138871 -0.000005 -1040.053239 0.029414 -0.209719 -0.977319 -337.518242 0.135720 -0.967850 0.211772 -1528.781227 0.000000 0.000000 0.000000 1.000000
-0.982735 -0.185000 0.002796 -1128.076800 0.032699 -0.188533 -0.981522 -297.855250 0.182108 -0.964485 0.191327 -1487.231258 0.000000 0.000000 0.000000 1.000000
-0.745570 -0.666427 -0.000043 -1752.306440 0.058651 -0.065553 -0.996124 -71.763297 0.663841 -0.742683 0.087961 -739.208473 0.000000 0.000000 0.000000 1.000000
-0.760815 -0.648969 0.000934 -1745.940240 0.048992 -0.058870 -0.997063 -67.387792 0.647117 -0.758534 0.076584 -785.372954 0.000000 0.000000 0.000000 1.000000
-0.993454 -0.114231 0.000123 -1004.180260 0.016911 -0.148136 -0.988822 -251.787479 0.112972 -0.982348 0.149098 -1625.052370 0.000000 0.000000 0.000000 1.000000
-0.992047 -0.125871 0.000010 -1023.675910 0.020236 -0.159568 -0.986980 -270.801969 0.124234 -0.979129 0.160846 -1621.181760 0.000000 0.000000 0.000000 1.000000
-0.992603 -0.121403 0.000385 -1018.208240 0.017919 -0.149648 -0.988577 -256.677360 0.120074 -0.981258 0.150716 -1637.080448 0.000000 0.000000 0.000000 1.000000
-0.994859 -0.101274 0.000299 -982.929677 0.014825 -0.148556 -0.988793 -258.789089 0.100183 -0.983705 0.149294 -1668.187689 0.000000 0.000000 0.000000 1.000000
