500.00000000 0.00000000 320.00000000
0.00000000 500.00000000 240.00000000
0.00000000 0.00000000 1.00000000

-0.85785366 0.27031627 -0.43705401
0.49365852 0.66978416 -0.55469852
-0.14278782 0.69160559 0.70802073

987786.30209077 -5125133.42234714 3644098.90174622

500.00000000 0.00000000 320.00000000
0.00000000 500.00000000 240.00000000
0.00000000 0.00000000 1.00000000

-0.86849890 0.19641664 -0.45511555
0.45781798 0.66983464 -0.58457186
-0.19003252 0.71606010 0.67167372

987877.23468911 -5124821.74394931 3644510.29665071

500.00000000 0.00000000 320.00000000
0.00000000 500.00000000 240.00000000
0.00000000 0.00000000 1.00000000

-0.87468498 0.11938095 -0.46975991
0.42140737 0.66613807 -0.61536648
-0.23946193 0.73621210 0.63296898

987929.41059933 -5124504.31675346 3644939.03575997

500.00000000 0.00000000 320.00000000
0.00000000 500.00000000 240.00000000
0.00000000 0.00000000 1.00000000

-0.87618087 0.04318989 -0.48004345
0.38657403 0.65782592 -0.64639428
-0.28786733 0.75193064 0.59307058

987940.80629364 -5124201.46934627 3645358.84117781

500.00000000 0.00000000 320.00000000
0.00000000 500.00000000 240.00000000
0.00000000 0.00000000 1.00000000

-0.87342356 -0.02976924 -0.48605049
0.35339221 0.64796588 -0.67472524
-0.33503020 0.76108738 0.55542845

987914.43926881 -5123912.90354098 3645768.27837744

500.00000000 0.00000000 320.00000000
0.00000000 500.00000000 240.00000000
0.00000000 0.00000000 1.00000000

-0.86667643 -0.10067363 -0.48860699
0.32198496 0.63522262 -0.70200991
-0.38104810 0.76573954 0.51811708

987854.27954507 -5123638.94335103 3646166.87757287

500.00000000 0.00000000 320.00000000
0.00000000 500.00000000 240.00000000
0.00000000 0.00000000 1.00000000

-0.85467137 -0.17994132 -0.48698867
0.28792417 0.61626492 -0.73301925
-0.43201448 0.76670638 0.47489453

987748.35036647 -5123343.45321944 3646607.77416923

500.00000000 0.00000000 320.00000000
0.00000000 500.00000000 240.00000000
0.00000000 0.00000000 1.00000000

-0.83847842 -0.25501155 -0.48158389
0.25582584 0.59609871 -0.76106469
-0.48115183 0.76133793 0.43457736

987605.77122251 -5123066.47875802 3647034.18031253

500.00000000 0.00000000 320.00000000
0.00000000 500.00000000 240.00000000
0.00000000 0.00000000 1.00000000

-0.81848123 -0.32590293 -0.47315511
0.22632165 0.57406673 -0.78690908
-0.52807859 0.75115555 0.39610395

987430.28144331 -5122809.05422586 3647440.52209330

500.00000000 0.00000000 320.00000000
0.00000000 500.00000000 240.00000000
0.00000000 0.00000000 1.00000000

-0.79518817 -0.39423573 -0.46071028
0.19863013 0.54851324 -0.81220644
-0.57290648 0.73736790 0.35786415

987225.80949133 -5122570.82965702 3647828.84686613

500.00000000 0.00000000 320.00000000
0.00000000 500.00000000 240.00000000
0.00000000 0.00000000 1.00000000

-0.76894990 -0.45734495 -0.44671204
0.17353389 0.52319259 -0.83435934
-0.61530646 0.71910021 0.32294404

986997.05501289 -5122352.54936548 3648195.81635528

500.00000000 0.00000000 320.00000000
0.00000000 500.00000000 240.00000000
0.00000000 0.00000000 1.00000000

-0.73799298 -0.52152146 -0.42823092
0.14837009 0.49366368 -0.85690284
-0.65829528 0.69592495 0.28694215

986741.35665989 -5122149.53893825 3648547.62458989

500.00000000 0.00000000 320.00000000
0.00000000 500.00000000 240.00000000
0.00000000 0.00000000 1.00000000

-0.70218737 -0.58532319 -0.40537595
0.12457398 0.45957096 -0.87936105
-0.70100943 0.66797552 0.24978888

986430.59548658 -5121944.53353037 3648916.93741873

500.00000000 0.00000000 320.00000000
0.00000000 500.00000000 240.00000000
0.00000000 0.00000000 1.00000000

-0.66354352 -0.64469892 -0.37956988
0.10342893 0.42343052 -0.90000503
-0.74095375 0.63645101 0.21428406

986094.36894457 -5121760.98529123 3649263.61948873

500.00000000 0.00000000 320.00000000
0.00000000 500.00000000 240.00000000
0.00000000 0.00000000 1.00000000

-0.62219476 -0.69972601 -0.35108003
0.08466043 0.38568677 -0.91873736
-0.77827135 0.60135616 0.18073318

985734.61956305 -5121597.39040906 3649587.16618847

500.00000000 0.00000000 320.00000000
0.00000000 500.00000000 240.00000000
0.00000000 0.00000000 1.00000000

-0.57833773 -0.75094525 -0.31875807
0.06843171 0.34469850 -0.93621581
-0.81292224 0.56326209 0.14796368

985354.81430983 -5121455.84751896 3649885.28222722

500.00000000 0.00000000 320.00000000
0.00000000 500.00000000 240.00000000
0.00000000 0.00000000 1.00000000

-0.53231527 -0.79706299 -0.28518599
0.05448747 0.30392381 -0.95113692
-0.84479084 0.52184377 0.11835334

984955.04521839 -5121335.39701639 3650160.84903579

500.00000000 0.00000000 320.00000000
0.00000000 500.00000000 240.00000000
0.00000000 0.00000000 1.00000000

-0.48426707 -0.83801140 -0.25144046
0.04287232 0.26431278 -0.96348364
-0.87386920 0.47736323 0.09207048

984538.33574352 -5121236.31335244 3650412.15345189

500.00000000 0.00000000 320.00000000
0.00000000 500.00000000 240.00000000
0.00000000 0.00000000 1.00000000

-0.43387027 -0.87545860 -0.21290566
0.03369387 0.22037448 -0.97483322
-0.90034511 0.43012477 0.06611635

984100.13062209 -5121156.14686575 3650640.70495090

500.00000000 0.00000000 320.00000000
0.00000000 500.00000000 240.00000000
0.00000000 0.00000000 1.00000000

-0.38200552 -0.90733092 -0.17556305
0.02688700 0.17897851 -0.98348553
-0.92376884 0.38041726 0.04397537

983650.69294392 -5121098.08108308 3650841.92154845

500.00000000 0.00000000 320.00000000
0.00000000 500.00000000 240.00000000
0.00000000 0.00000000 1.00000000

-0.32886710 -0.93478154 -0.13427550
0.02254162 0.13437374 -0.99067430
-0.94410715 0.32882697 0.02311961

983189.44170153 -5121060.55609112 3651017.09551008

500.00000000 0.00000000 320.00000000
0.00000000 500.00000000 240.00000000
0.00000000 0.00000000 1.00000000

-0.27488957 -0.95706801 -0.09195946
0.02067961 0.08973668 -0.99575081
-0.96125339 0.27562320 0.00487589

982721.07373096 -5121044.85099683 3651164.74811143

500.00000000 0.00000000 320.00000000
0.00000000 500.00000000 240.00000000
0.00000000 0.00000000 1.00000000

-0.21915930 -0.97442831 -0.04958505
0.02132786 0.04602393 -0.99871263
-0.97545596 0.21993471 -0.01069590

982237.51760120 -5121050.52468878 3651286.08762315

500.00000000 0.00000000 320.00000000
0.00000000 500.00000000 240.00000000
0.00000000 0.00000000 1.00000000

-0.16261127 -0.98668277 -0.00383365
0.02443855 -0.00014339 -0.99970132
-0.98638752 0.16265639 -0.02413641

981747.89018621 -5121077.70614673 3651379.01989244

500.00000000 0.00000000 320.00000000
0.00000000 500.00000000 240.00000000
0.00000000 0.00000000 1.00000000

-0.10532049 -0.99357235 0.04149199
0.03017706 -0.04489809 -0.99853568
-0.99398035 0.10391416 -0.03471178

981251.32042336 -5121126.23677760 3651444.00078563

500.00000000 0.00000000 320.00000000
0.00000000 500.00000000 240.00000000
0.00000000 0.00000000 1.00000000

-0.04712253 -0.99484729 0.08976819
0.03814300 -0.09159459 -0.99506560
-0.99816060 0.04346598 -0.04226263

980747.80952205 -5121196.63591709 3651480.30535570

500.00000000 0.00000000 320.00000000
0.00000000 500.00000000 240.00000000
0.00000000 0.00000000 1.00000000

0.01131754 -0.99067964 0.13574150
0.04908063 -0.13503620 -0.98962433
-0.99873070 -0.01786239 -0.04709490

980242.08686114 -5121289.88198447 3651485.30023729

500.00000000 0.00000000 320.00000000
0.00000000 500.00000000 240.00000000
0.00000000 0.00000000 1.00000000

0.06992831 -0.98026687 0.18489700
0.06250109 -0.18068117 -0.98155383
-0.99559211 -0.08019466 -0.04863302

979734.49014167 -5121406.32009017 3651457.37001656

500.00000000 0.00000000 320.00000000
0.00000000 500.00000000 240.00000000
0.00000000 0.00000000 1.00000000

0.12810767 -0.96362470 0.23455459
0.07873502 -0.22587500 -0.97096925
-0.98862997 -0.14285627 -0.04693469

979230.78166400 -5121545.54262757 3651396.58751168

500.00000000 0.00000000 320.00000000
0.00000000 500.00000000 240.00000000
0.00000000 0.00000000 1.00000000

0.18035277 -0.94310574 0.27932856
0.09559989 -0.26583337 -0.95926705
-0.97894512 -0.19971025 -0.04221702

978778.60132301 -5121692.66990774 3651313.07955944

500.00000000 0.00000000 320.00000000
0.00000000 500.00000000 240.00000000
0.00000000 0.00000000 1.00000000

0.23212351 -0.91791384 0.32179629
0.11492085 -0.30263480 -0.94615294
-0.96587363 -0.25660544 -0.03523879

978330.12699974 -5121859.25792204 3651200.36654078

500.00000000 0.00000000 320.00000000
0.00000000 500.00000000 240.00000000
0.00000000 0.00000000 1.00000000

0.28322540 -0.88612477 0.36683275
0.13673010 -0.34127914 -0.92996421
-0.94925669 -0.31354656 -0.02450101

977886.69114133 -5122046.48227996 3651056.44980966

500.00000000 0.00000000 320.00000000
0.00000000 500.00000000 240.00000000
0.00000000 0.00000000 1.00000000

0.33348064 -0.84995375 0.40788392
0.16084084 -0.37501357 -0.91295950
-0.92893535 -0.37005871 -0.01164751

977450.56609225 -5122255.57926735 3650880.03860676

500.00000000 0.00000000 320.00000000
0.00000000 500.00000000 240.00000000
0.00000000 0.00000000 1.00000000

0.38253460 -0.80659394 0.45063677
0.18758543 -0.40977418 -0.89269078
-0.90469828 -0.42601800 0.00544753

977025.57626809 -5122487.16337211 3650670.29546643

500.00000000 0.00000000 320.00000000
0.00000000 500.00000000 240.00000000
0.00000000 0.00000000 1.00000000

0.43021532 -0.75741912 0.49115278
0.21715288 -0.44126985 -0.87070405
-0.87621881 -0.48124546 0.02536531

976612.47349709 -5122742.29296537 3650423.97785519

500.00000000 0.00000000 320.00000000
0.00000000 500.00000000 240.00000000
0.00000000 0.00000000 1.00000000

0.47006554 -0.70866405 0.52614983
0.24503156 -0.46790710 -0.84913043
-0.84793745 -0.52807027 0.04630194

976266.73731853 -5122983.36102898 3650179.28585668

500.00000000 0.00000000 320.00000000
0.00000000 500.00000000 240.00000000
0.00000000 0.00000000 1.00000000

0.50801049 -0.65358689 0.56102541
0.27498038 -0.49418949 -0.82471967
-0.81627883 -0.57323723 0.07132988

975936.88358879 -5123241.67910339 3649905.04671797

500.00000000 0.00000000 320.00000000
0.00000000 500.00000000 240.00000000
0.00000000 0.00000000 1.00000000

0.54350688 -0.59387606 0.59322128
0.30668383 -0.51736792 -0.79892143
-0.78137398 -0.61615067 0.09906084

975628.47570227 -5123516.24580302 3649603.60522611

500.00000000 0.00000000 320.00000000
0.00000000 500.00000000 240.00000000
0.00000000 0.00000000 1.00000000

0.57703453 -0.52633466 0.62450219
0.34091957 -0.53961533 -0.76979812
-0.74216238 -0.65710511 0.13193889

975337.05480918 -5123813.88061103 3649266.45949991

500.00000000 0.00000000 320.00000000
0.00000000 500.00000000 240.00000000
0.00000000 0.00000000 1.00000000

0.60710878 -0.45565764 0.65099543
0.37714669 -0.55586474 -0.74079333
-0.69941355 -0.69526291 0.16562059

975073.66558789 -5124128.75131537 3648896.19004166

500.00000000 0.00000000 320.00000000
0.00000000 500.00000000 240.00000000
0.00000000 0.00000000 1.00000000

0.63012263 -0.38799325 0.67261186
0.41000990 -0.56936237 -0.71254359
-0.65942199 -0.72476736 0.19968704

974872.73238816 -5124413.91689765 3648551.22225145

500.00000000 0.00000000 320.00000000
0.00000000 500.00000000 240.00000000
0.00000000 0.00000000 1.00000000

0.64985392 -0.31724975 0.69068261
0.44425862 -0.57878095 -0.68384713
-0.61670427 -0.75124244 0.23518213

974698.81780724 -5124710.45815348 3648182.10722172

500.00000000 0.00000000 320.00000000
0.00000000 500.00000000 240.00000000
0.00000000 0.00000000 1.00000000

0.66621672 -0.24040853 0.70594548
0.48044686 -0.58563197 -0.65284455
-0.57037364 -0.77410525 0.27465429

974554.28937549 -5125024.46108972 3647781.27662253

500.00000000 0.00000000 320.00000000
0.00000000 500.00000000 240.00000000
0.00000000 0.00000000 1.00000000

0.67852667 -0.16119973 0.71667022
0.51773017 -0.58716755 -0.62224572
-0.52111134 -0.79325211 0.31495088

974445.96806953 -5125350.76637961 3647355.15491255

500.00000000 0.00000000 320.00000000
0.00000000 500.00000000 240.00000000
0.00000000 0.00000000 1.00000000

0.68602909 -0.07777136 0.72340563
0.55630584 -0.58473941 -0.59042666
-0.46892206 -0.80748464 0.35788358

974377.94324586 -5125686.94457566 3646903.95640561

500.00000000 0.00000000 320.00000000
0.00000000 500.00000000 240.00000000
0.00000000 0.00000000 1.00000000

0.68823258 -0.00668026 0.72545937
0.58968517 -0.57735414 -0.56474206
-0.42261960 -0.81646651 0.39341468

974356.80259500 -5125978.70898795 3646502.75741237

500.00000000 0.00000000 320.00000000
0.00000000 500.00000000 240.00000000
0.00000000 0.00000000 1.00000000

0.68631815 0.06502129 0.72438914
0.62312508 -0.56621377 -0.53955268
-0.37507669 -0.82168984 0.42911918

974372.14667404 -5126271.44917942 3646089.92093091

500.00000000 0.00000000 320.00000000
0.00000000 500.00000000 240.00000000
0.00000000 0.00000000 1.00000000

0.67977114 0.14312073 0.71932444
0.65749609 -0.55349526 -0.51121609
-0.32497705 -0.82046295 0.47035142

974427.47749644 -5126571.82595821 3645656.25489116

500.00000000 0.00000000 320.00000000
0.00000000 500.00000000 240.00000000
0.00000000 0.00000000 1.00000000

0.66808611 0.21803999 0.71142077
0.69199448 -0.53350179 -0.48633269
-0.27350428 -0.81721136 0.50730760

974527.02637162 -5126872.76319796 3645208.42137870

500.00000000 0.00000000 320.00000000
0.00000000 500.00000000 240.00000000
0.00000000 0.00000000 1.00000000

0.65128642 0.29669652 0.69842478
0.72600817 -0.51140278 -0.45976009
-0.22076715 -0.80649760 0.54847378

974673.19573780 -5127169.74863064 3644753.12141115

500.00000000 0.00000000 320.00000000
0.00000000 500.00000000 240.00000000
0.00000000 0.00000000 1.00000000

0.62854430 0.37408070 0.68190593
0.75945867 -0.48433198 -0.43433289
-0.16779329 -0.79087683 0.58852294

974869.30328405 -5127461.61725466 3644291.61660016

500.00000000 0.00000000 320.00000000
0.00000000 500.00000000 240.00000000
0.00000000 0.00000000 1.00000000

0.59977116 0.44909236 0.66226174
0.79191096 -0.45176201 -0.41083831
-0.11468035 -0.77086130 0.62659498

975118.39038551 -5127745.73915046 3643828.33001118

500.00000000 0.00000000 320.00000000
0.00000000 500.00000000 240.00000000
0.00000000 0.00000000 1.00000000

0.57227740 0.50788365 0.64385773
0.81687379 -0.42219315 -0.39302691
-0.07222038 -0.75087092 0.65648844

975357.58359582 -5127964.04138612 3643459.58694944

500.00000000 0.00000000 320.00000000
0.00000000 500.00000000 240.00000000
0.00000000 0.00000000 1.00000000

0.54057980 0.56568595 0.62271413
0.84073833 -0.39011436 -0.37545951
-0.03053755 -0.72650547 0.68648180

975632.66285253 -5128171.15794925 3643095.30353745

500.00000000 0.00000000 320.00000000
0.00000000 500.00000000 240.00000000
0.00000000 0.00000000 1.00000000

0.50487160 0.62184255 0.59867897
0.86313443 -0.35550335 -0.35863119
0.01017976 -0.69780313 0.71621726

975943.76954881 -5128365.83720006 3642739.79654485

500.00000000 0.00000000 320.00000000
0.00000000 500.00000000 240.00000000
0.00000000 0.00000000 1.00000000

0.46497856 0.67371566 0.57437109
0.88393648 -0.31700611 -0.34374907
0.04950998 -0.66754351 0.74292289

976290.44314136 -5128545.63905932 3642396.07469236

500.00000000 0.00000000 320.00000000
0.00000000 500.00000000 240.00000000
0.00000000 0.00000000 1.00000000

0.42224840 0.72203434 0.54806268
0.90234371 -0.27710340 -0.33013564
0.08649924 -0.63394015 0.76852961

976663.95360138 -5128706.17124924 3642073.12738924

500.00000000 0.00000000 320.00000000
0.00000000 500.00000000 240.00000000
0.00000000 0.00000000 1.00000000

0.37455015 0.76864729 0.51854944
0.91905654 -0.23378121 -0.31730335
0.12266725 -0.59542228 0.79399311

977079.69853935 -5128850.70872938 3641760.17865670

500.00000000 0.00000000 320.00000000
0.00000000 500.00000000 240.00000000
0.00000000 0.00000000 1.00000000

0.32421050 0.80968458 0.48918138
0.93314758 -0.18882941 -0.30590693
0.15531630 -0.55565666 0.81677569

977517.98808263 -5128971.47938506 3641474.38709815

500.00000000 0.00000000 320.00000000
0.00000000 500.00000000 240.00000000
0.00000000 0.00000000 1.00000000

0.27018938 0.84728760 0.45727608
0.94471077 -0.14165288 -0.29572964
0.18579359 -0.51189665 0.83871483

977990.56089419 -5129070.59415140 3641209.66660230

500.00000000 0.00000000 320.00000000
0.00000000 500.00000000 240.00000000
0.00000000 0.00000000 1.00000000

0.21369381 0.88012807 0.42392162
0.95346061 -0.09341610 -0.28668152
0.21271535 -0.46545463 0.85912989

978481.92243997 -5129143.80401941 3640975.57105295

500.00000000 0.00000000 320.00000000
0.00000000 500.00000000 240.00000000
0.00000000 0.00000000 1.00000000

0.15478204 0.90789684 0.38957136
0.95928622 -0.04381966 -0.27901574
0.23624663 -0.41689706 0.87771543

978995.78431321 -5129192.06746938 3640770.81362399

500.00000000 0.00000000 320.00000000
0.00000000 500.00000000 240.00000000
0.00000000 0.00000000 1.00000000

0.09518470 0.93096985 0.35246987
0.96205977 0.00491794 -0.27279444
0.25569682 -0.36506294 0.89518053

979514.62082554 -5129213.67170539 3640601.94925746

500.00000000 0.00000000 320.00000000
0.00000000 500.00000000 240.00000000
0.00000000 0.00000000 1.00000000

0.03397242 0.94831684 0.31550125
0.96187616 0.05469140 -0.26796103
0.27136716 -0.31257641 0.91030536

980046.56098560 -5129209.84704863 3640465.60905647

500.00000000 0.00000000 320.00000000
0.00000000 500.00000000 240.00000000
0.00000000 0.00000000 1.00000000

-0.02808855 0.96072533 0.27607586
0.95869412 0.10409579 -0.26470673
0.28304879 -0.25723707 0.92396562

980586.48717700 -5129179.14122160 3640363.10241464

500.00000000 0.00000000 320.00000000
0.00000000 500.00000000 240.00000000
0.00000000 0.00000000 1.00000000

-0.08939699 0.96773621 0.23557337
0.95258428 0.15214209 -0.26350705
0.29084594 -0.20084675 0.93545135

981121.15826204 -5129124.28426968 3640297.28575380

500.00000000 0.00000000 320.00000000
0.00000000 500.00000000 240.00000000
0.00000000 0.00000000 1.00000000

-0.15014132 0.96901471 0.19613281
0.94339131 0.19976341 -0.26477804
0.29575397 -0.14527587 0.94415280

981650.07957291 -5129045.16352966 3640265.84163815

500.00000000 0.00000000 320.00000000
0.00000000 500.00000000 240.00000000
0.00000000 0.00000000 1.00000000

-0.17963019 0.96799442 0.17527063
0.93815515 0.22217092 -0.26552779
0.29596945 -0.11673423 0.94803755

981906.78574403 -5128998.34918419 3640263.10306996

500.00000000 0.00000000 320.00000000
0.00000000 500.00000000 240.00000000
0.00000000 0.00000000 1.00000000

-0.23907536 0.96168355 0.13419284
0.92546873 0.26750180 -0.26823574
0.29385472 -0.06006272 0.95396115

982423.81927086 -5128885.76833734 3640281.55621541

500.00000000 0.00000000 320.00000000
0.00000000 500.00000000 240.00000000
0.00000000 0.00000000 1.00000000

-0.29624455 0.95054480 0.09329389
0.91057572 0.31055984 -0.27277180
0.28825515 -0.00414399 0.95754467

982920.67953369 -5128754.27793975 3640331.28327833

500.00000000 0.00000000 320.00000000
0.00000000 500.00000000 240.00000000
0.00000000 0.00000000 1.00000000

-0.35138041 0.93485143 0.05083918
0.89366697 0.35109735 -0.27944586
0.27908986 0.05275851 0.95881458

983398.67231495 -5128605.87453504 3640410.71198218

500.00000000 0.00000000 320.00000000
0.00000000 500.00000000 240.00000000
0.00000000 0.00000000 1.00000000

-0.40372003 0.91482036 0.01067004
0.87508138 0.38953282 -0.28722249
0.26691331 0.10662032 0.95780446

983855.53676284 -5128442.36932220 3640517.39656757

500.00000000 0.00000000 320.00000000
0.00000000 500.00000000 240.00000000
0.00000000 0.00000000 1.00000000

-0.45327795 0.89088654 -0.02933038
0.85498084 0.42523263 -0.29695955
0.25208503 0.15968213 0.95443950

984285.32632444 -5128267.19039735 3640647.61846532

500.00000000 0.00000000 320.00000000
0.00000000 500.00000000 240.00000000
0.00000000 0.00000000 1.00000000

-0.51160989 0.85566643 -0.07804024
0.82793349 0.46665856 -0.31105614
0.22974215 0.22375153 0.94718203

984791.91213518 -5128031.16264463 3640842.27179552

500.00000000 0.00000000 320.00000000
0.00000000 500.00000000 240.00000000
0.00000000 0.00000000 1.00000000

-0.56519128 0.81559970 -0.12391913
0.79934258 0.50428420 -0.32672447
0.20398591 0.28371566 0.93696060

985257.09223167 -5127781.53267727 3641066.46437705

500.00000000 0.00000000 320.00000000
0.00000000 500.00000000 240.00000000
0.00000000 0.00000000 1.00000000

-0.61391392 0.77093487 -0.16961466
0.76961850 0.53679968 -0.34573613
0.17549094 0.34279080 0.92287453

985679.77124995 -5127522.28705185 3641314.92311833

500.00000000 0.00000000 320.00000000
0.00000000 500.00000000 240.00000000
0.00000000 0.00000000 1.00000000

-0.65777316 0.72276870 -0.21199028
0.73919943 0.56539459 -0.36594147
0.14463289 0.39740957 0.90617160

986060.43102568 -5127257.39269926 3641584.06558791

500.00000000 0.00000000 320.00000000
0.00000000 500.00000000 240.00000000
0.00000000 0.00000000 1.00000000

-0.69699483 0.67161842 -0.25125068
0.70828718 0.59011878 -0.38741333
0.11192619 0.44798273 0.88700846

986400.19553545 -5126988.81565619 3641869.28235056

500.00000000 0.00000000 320.00000000
0.00000000 500.00000000 240.00000000
0.00000000 0.00000000 1.00000000

-0.73162775 0.61816967 -0.28737970
0.67724420 0.61095570 -0.40996759
0.07785326 0.49456990 0.86564397

986700.52881626 -5126719.32506329 3642166.83749327

500.00000000 0.00000000 320.00000000
0.00000000 500.00000000 240.00000000
0.00000000 0.00000000 1.00000000

-0.76191667 0.56323455 -0.31976527
0.64626654 0.62859803 -0.43267087
0.04269136 0.53631275 0.84293896

986962.53802753 -5126450.30338716 3642472.93982275

500.00000000 0.00000000 320.00000000
0.00000000 500.00000000 240.00000000
0.00000000 0.00000000 1.00000000

-0.79290357 0.49554576 -0.35459601
0.60934671 0.64550620 -0.46045448
-0.00071766 0.58116791 0.81378335

987230.74738935 -5126129.15280782 3642850.16972982

500.00000000 0.00000000 320.00000000
0.00000000 500.00000000 240.00000000
0.00000000 0.00000000 1.00000000

-0.81821351 0.42714065 -0.38480841
0.57320630 0.65765500 -0.48879897
-0.04428526 0.62051653 0.78294192

987448.94343148 -5125815.83413457 3643229.83421424

500.00000000 0.00000000 320.00000000
0.00000000 500.00000000 240.00000000
0.00000000 0.00000000 1.00000000

-0.83827923 0.35823539 -0.41104177
0.53809270 0.66522046 -0.51762727
-0.08800099 0.65509476 0.75040434

987622.54714682 -5125510.47045829 3643610.83378035

