500.00000000 0.00000000 320.00000000
0.00000000 500.00000000 240.00000000
0.00000000 0.00000000 1.00000000

0.46730464 -0.31893365 -0.82456516
0.63376170 -0.52943757 0.56395209
-0.61641908 -0.78611525 -0.04528070

987786.30209077 -5125133.42234714 3644098.90174622

500.00000000 0.00000000 320.00000000
0.00000000 500.00000000 240.00000000
0.00000000 0.00000000 1.00000000

0.47555554 -0.24401168 -0.84516580
0.66140117 -0.53426987 0.52640687
-0.57999605 -0.80932935 -0.09268539

987877.23468911 -5124821.74394931 3644510.29665071

500.00000000 0.00000000 320.00000000
0.00000000 500.00000000 240.00000000
0.00000000 0.00000000 1.00000000

0.48054653 -0.16577527 -0.86115829
0.68949999 -0.53537237 0.48781778
-0.54190847 -0.82818777 -0.14296929

987929.41059933 -5124504.31675346 3644939.03575997

500.00000000 0.00000000 320.00000000
0.00000000 500.00000000 240.00000000
0.00000000 0.00000000 1.00000000

0.48185301 -0.08761708 -0.87186061
0.71639303 -0.53355945 0.44955014
-0.50457774 -0.84121196 -0.19432896

987940.80629364 -5124201.46934627 3645358.84117781

500.00000000 0.00000000 320.00000000
0.00000000 500.00000000 240.00000000
0.00000000 0.00000000 1.00000000

0.47981083 -0.01360111 -0.87726654
0.74201323 -0.52726826 0.41401033
-0.46818580 -0.84959001 -0.24289681

987914.43926881 -5123912.90354098 3645768.27837744

500.00000000 0.00000000 320.00000000
0.00000000 500.00000000 240.00000000
0.00000000 0.00000000 1.00000000

0.47492708 0.05849411 -0.87807899
0.76632314 -0.51804484 0.37997156
-0.43265819 -0.85335103 -0.29085891

987854.27954507 -5123638.94335103 3646166.87757287

500.00000000 0.00000000 320.00000000
0.00000000 500.00000000 240.00000000
0.00000000 0.00000000 1.00000000

0.46583240 0.13983656 -0.87375392
0.79267138 -0.50481256 0.34181335
-0.39328395 -0.85182745 -0.34600249

987748.35036647 -5123343.45321944 3646607.77416923

500.00000000 0.00000000 320.00000000
0.00000000 500.00000000 240.00000000
0.00000000 0.00000000 1.00000000

0.45331634 0.21604837 -0.86477014
0.81746216 -0.48752438 0.30671746
-0.35533072 -0.84595690 -0.39761413

987605.77122251 -5123066.47875802 3647034.18031253

500.00000000 0.00000000 320.00000000
0.00000000 500.00000000 240.00000000
0.00000000 0.00000000 1.00000000

0.43819420 0.28787536 -0.85153603
0.84036985 -0.46740074 0.27443588
-0.31900524 -0.83586143 -0.44673407

987430.28144331 -5122809.05422586 3647440.52209330

500.00000000 0.00000000 320.00000000
0.00000000 500.00000000 240.00000000
0.00000000 0.00000000 1.00000000

0.42014004 0.35772214 -0.83397675
0.86174971 -0.44527775 0.24313609
-0.28437613 -0.82083043 -0.49534596

987225.80949133 -5122570.82965702 3647828.84686613

500.00000000 0.00000000 320.00000000
0.00000000 500.00000000 240.00000000
0.00000000 0.00000000 1.00000000

0.40013379 0.42148934 -0.81378111
0.88127086 -0.42064645 0.21544891
-0.25150472 -0.80336996 -0.53976113

986997.05501289 -5122352.54936548 3648195.81635528

500.00000000 0.00000000 320.00000000
0.00000000 500.00000000 240.00000000
0.00000000 0.00000000 1.00000000

0.37588265 0.48656310 -0.78864985
0.90055890 -0.39239940 0.18712664
-0.21841681 -0.78056330 -0.58567485

986741.35665989 -5122149.53893825 3648547.62458989

500.00000000 0.00000000 320.00000000
0.00000000 500.00000000 240.00000000
0.00000000 0.00000000 1.00000000

0.34815712 0.55181531 -0.75781692
0.91891050 -0.36080834 0.15943913
-0.18544571 -0.75187579 -0.63268687

986430.59548658 -5121944.53353037 3648916.93741873

500.00000000 0.00000000 320.00000000
0.00000000 500.00000000 240.00000000
0.00000000 0.00000000 1.00000000

0.31836044 0.61279616 -0.72327553
0.93528748 -0.32742952 0.13426554
-0.15454436 -0.71921538 -0.67738119

986094.36894457 -5121760.98529123 3649263.61948873

500.00000000 0.00000000 320.00000000
0.00000000 500.00000000 240.00000000
0.00000000 0.00000000 1.00000000

0.28644606 0.66940128 -0.68545647
0.94981743 -0.29225303 0.11151241
-0.12568018 -0.68300080 -0.71952373

985734.61956305 -5121597.39040906 3649587.16618847

500.00000000 0.00000000 320.00000000
0.00000000 500.00000000 240.00000000
0.00000000 0.00000000 1.00000000

0.25270519 0.72281929 -0.64317366
0.96248977 -0.25565440 0.09085296
-0.09875990 -0.64200709 -0.76031137

985354.81430983 -5121455.84751896 3649885.28222722

500.00000000 0.00000000 320.00000000
0.00000000 500.00000000 240.00000000
0.00000000 0.00000000 1.00000000

0.21717514 0.77057216 -0.59921073
0.97331849 -0.21752596 0.07303128
-0.07406802 -0.59908347 -0.79725336

984955.04521839 -5121335.39701639 3650160.84903579

500.00000000 0.00000000 320.00000000
0.00000000 500.00000000 240.00000000
0.00000000 0.00000000 1.00000000

0.18003219 0.81241082 -0.55459632
0.98230770 -0.17804652 0.05806040
-0.05157505 -0.55523698 -0.83009151

984538.33574352 -5121236.31335244 3650412.15345189

500.00000000 0.00000000 320.00000000
0.00000000 500.00000000 240.00000000
0.00000000 0.00000000 1.00000000

0.14113936 0.85169672 -0.50467056
0.98950477 -0.13731826 0.04498888
-0.03098360 -0.50572363 -0.86213898

984100.13062209 -5121156.14686575 3650640.70495090

500.00000000 0.00000000 320.00000000
0.00000000 500.00000000 240.00000000
0.00000000 0.00000000 1.00000000

0.10104422 0.88443644 -0.45559000
0.99479920 -0.09572514 0.03480302
-0.01283036 -0.45673721 -0.88950914

983650.69294392 -5121098.08108308 3650841.92154845

500.00000000 0.00000000 320.00000000
0.00000000 500.00000000 240.00000000
0.00000000 0.00000000 1.00000000

0.05996019 0.91352427 -0.40234088
0.99819642 -0.05368372 0.02686944
0.00294673 -0.40322632 -0.91509554

983189.44170153 -5121060.55609112 3651017.09551008

500.00000000 0.00000000 320.00000000
0.00000000 500.00000000 240.00000000
0.00000000 0.00000000 1.00000000

0.01822955 0.93736837 -0.34786235
0.99970106 -0.01141855 0.02161980
0.01629363 -0.34815248 -0.93729631

982721.07373096 -5121044.85099683 3651164.74811143

500.00000000 0.00000000 320.00000000
0.00000000 500.00000000 240.00000000
0.00000000 0.00000000 1.00000000

-0.02485865 0.95582214 -0.29289262
0.99931446 0.03179920 0.01895839
0.02743460 -0.29222055 -0.95595737

982237.51760120 -5121050.52468878 3651286.08762315

500.00000000 0.00000000 320.00000000
0.00000000 500.00000000 240.00000000
0.00000000 0.00000000 1.00000000

-0.06861131 0.96970819 -0.23443231
0.99699328 0.07512901 0.01897436
0.03601226 -0.23242558 -0.97194725

981747.89018621 -5121077.70614673 3651379.01989244

500.00000000 0.00000000 320.00000000
0.00000000 500.00000000 240.00000000
0.00000000 0.00000000 1.00000000

-0.11295827 0.97784818 -0.17621966
0.99270711 0.11858370 0.02169098
0.04210727 -0.17248434 -0.98411185

981251.32042336 -5121126.23677760 3651444.00078563

500.00000000 0.00000000 320.00000000
0.00000000 500.00000000 240.00000000
0.00000000 0.00000000 1.00000000

-0.15801705 0.98073036 -0.11488508
0.98640345 0.16210005 0.02705201
0.04515361 -0.10904836 -0.99301038

980747.80952205 -5121196.63591709 3651480.30535570

500.00000000 0.00000000 320.00000000
0.00000000 500.00000000 240.00000000
0.00000000 0.00000000 1.00000000

-0.20328700 0.97752919 -0.05577702
0.97804926 0.20539752 0.03509275
0.04576065 -0.04741877 -0.99782635

980242.08686114 -5121289.88198447 3651485.30023729

500.00000000 0.00000000 320.00000000
0.00000000 500.00000000 240.00000000
0.00000000 0.00000000 1.00000000

-0.24866422 0.96856764 0.00654438
0.96762234 0.24810828 0.04636048
0.04327955 0.01786068 -0.99890334

979734.49014167 -5121406.32009017 3651457.37001656

500.00000000 0.00000000 320.00000000
0.00000000 500.00000000 240.00000000
0.00000000 0.00000000 1.00000000

-0.29375519 0.95337077 0.06922474
0.95512500 0.28987314 0.06090806
0.03800157 0.08401034 -0.99574000

979230.78166400 -5121545.54262757 3651396.58751168

500.00000000 0.00000000 320.00000000
0.00000000 500.00000000 240.00000000
0.00000000 0.00000000 1.00000000

-0.33418789 0.93407883 0.12575851
0.94201526 0.32671974 0.07656018
0.03042545 0.14405192 -0.98910229

978778.60132301 -5121692.66990774 3651313.07955944

500.00000000 0.00000000 320.00000000
0.00000000 500.00000000 240.00000000
0.00000000 0.00000000 1.00000000

-0.37430522 0.90969709 0.17985220
0.92708223 0.36285272 0.09410868
0.02035053 0.20196315 -0.97918167

978330.12699974 -5121859.25792204 3651200.36654078

500.00000000 0.00000000 320.00000000
0.00000000 500.00000000 240.00000000
0.00000000 0.00000000 1.00000000

-0.41395987 0.87909354 0.23628750
0.91026339 0.39758910 0.11551393
0.00760222 0.26290199 -0.96479259

977886.69114133 -5122046.48227996 3651056.44980966

500.00000000 0.00000000 320.00000000
0.00000000 500.00000000 240.00000000
0.00000000 0.00000000 1.00000000

-0.45284750 0.84355678 0.28868859
0.89155027 0.43141208 0.13791931
-0.00820098 0.31983680 -0.94743716

977450.56609225 -5122255.57926735 3650880.03860676

500.00000000 0.00000000 320.00000000
0.00000000 500.00000000 240.00000000
0.00000000 0.00000000 1.00000000

-0.49084030 0.80111821 0.34246958
0.87083174 0.46328572 0.16437281
-0.02697922 0.37891418 -0.92503847

977025.57626809 -5122487.16337211 3650670.29546643

500.00000000 0.00000000 320.00000000
0.00000000 500.00000000 240.00000000
0.00000000 0.00000000 1.00000000

-0.52780904 0.75261937 0.39367715
0.84794831 0.49365257 0.19310824
-0.04900274 0.43574215 -0.89873662

976612.47349709 -5122742.29296537 3650423.97785519

500.00000000 0.00000000 320.00000000
0.00000000 500.00000000 240.00000000
0.00000000 0.00000000 1.00000000

-0.55867413 0.70452555 0.43763794
0.82634996 0.51794647 0.22108190
-0.07091518 0.48515483 -0.87154795

976266.73731853 -5122983.36102898 3650179.28585668

500.00000000 0.00000000 320.00000000
0.00000000 500.00000000 240.00000000
0.00000000 0.00000000 1.00000000

-0.58807845 0.65021166 0.48102863
0.80315418 0.53963789 0.25245654
-0.09543109 0.53480440 -0.83956963

975936.88358879 -5123241.67910339 3649905.04671797

500.00000000 0.00000000 320.00000000
0.00000000 500.00000000 240.00000000
0.00000000 0.00000000 1.00000000

-0.61548202 0.59112565 0.52129872
0.77856751 0.55883907 0.28553724
-0.12253370 0.58160928 -0.80418663

975628.47570227 -5123516.24580302 3649603.60522611

500.00000000 0.00000000 320.00000000
0.00000000 500.00000000 240.00000000
0.00000000 0.00000000 1.00000000

-0.64115950 0.52426563 0.56041060
0.75198633 0.57487852 0.32253874
-0.15307204 0.62821989 -0.76282942

975337.05480918 -5123813.88061103 3649266.45949991

500.00000000 0.00000000 320.00000000
0.00000000 500.00000000 240.00000000
0.00000000 0.00000000 1.00000000

-0.66427222 0.45395583 0.59385732
0.72391637 0.58864440 0.35978168
-0.18624580 0.66889601 -0.71964618

975073.66558789 -5124128.75131537 3648896.19004166

500.00000000 0.00000000 320.00000000
0.00000000 500.00000000 240.00000000
0.00000000 0.00000000 1.00000000

-0.68186467 0.38673269 0.62088518
0.69846108 0.59636737 0.39559839
-0.21728483 0.70340869 -0.67675957

974872.73238816 -5124413.91689765 3648551.22225145

500.00000000 0.00000000 320.00000000
0.00000000 500.00000000 240.00000000
0.00000000 0.00000000 1.00000000

-0.69697948 0.31629326 0.64356676
0.67195886 0.60143658 0.43214041
-0.25038149 0.73364339 -0.63172501

974698.81780724 -5124710.45815348 3648182.10722172

500.00000000 0.00000000 320.00000000
0.00000000 500.00000000 240.00000000
0.00000000 0.00000000 1.00000000

-0.70947832 0.23975845 0.66268876
0.64397071 0.60252828 0.47144607
-0.28625554 0.76123292 -0.58187817

974554.28937549 -5125024.46108972 3647781.27662253

500.00000000 0.00000000 320.00000000
0.00000000 500.00000000 240.00000000
0.00000000 0.00000000 1.00000000

-0.71855151 0.16071983 0.67664826
0.61516078 0.60075106 0.51056379
-0.32443943 0.78311385 -0.53053911

974445.96806953 -5125350.76637961 3647355.15491255

500.00000000 0.00000000 320.00000000
0.00000000 500.00000000 240.00000000
0.00000000 0.00000000 1.00000000

-0.72404678 0.07744490 0.68538934
0.58538378 0.59454300 0.55122088
-0.36480419 0.80032550 -0.47581193

974377.94324586 -5125686.94457566 3646903.95640561

500.00000000 0.00000000 320.00000000
0.00000000 500.00000000 240.00000000
0.00000000 0.00000000 1.00000000

-0.72549006 0.00635254 0.68820332
0.55964161 0.58746402 0.58454024
-0.40058138 0.80922535 -0.42975445

974356.80259500 -5125978.70898795 3646502.75741237

500.00000000 0.00000000 320.00000000
0.00000000 500.00000000 240.00000000
0.00000000 0.00000000 1.00000000

-0.72370519 -0.06539388 0.68700396
0.53388319 0.57774413 0.61739814
-0.43728656 0.81359410 -0.38320373

974372.14667404 -5126271.44917942 3646089.92093091

500.00000000 0.00000000 320.00000000
0.00000000 500.00000000 240.00000000
0.00000000 0.00000000 1.00000000

-0.71833359 -0.14338321 0.68076289
0.50743675 0.56142464 0.65368977
-0.47592520 0.81501143 -0.33053227

974427.47749644 -5126571.82595821 3645656.25489116

500.00000000 0.00000000 320.00000000
0.00000000 500.00000000 240.00000000
0.00000000 0.00000000 1.00000000

-0.70916537 -0.21845797 0.67034364
0.48087908 0.54543589 0.68648016
-0.51559654 0.80918218 -0.28175237

974527.02637162 -5126872.76319796 3645208.42137870

500.00000000 0.00000000 320.00000000
0.00000000 500.00000000 240.00000000
0.00000000 0.00000000 1.00000000

-0.69556574 -0.29711847 0.65414747
0.45486588 0.52265574 0.72106034
-0.55613428 0.79909423 -0.22839237

974673.19573780 -5127169.74863064 3644753.12141115

500.00000000 0.00000000 320.00000000
0.00000000 500.00000000 240.00000000
0.00000000 0.00000000 1.00000000

-0.67789801 -0.37460441 0.63255499
0.42916900 0.49694499 0.75422785
-0.59688211 0.78276255 -0.17610942

974869.30328405 -5127461.61725466 3644291.61660016

500.00000000 0.00000000 320.00000000
0.00000000 500.00000000 240.00000000
0.00000000 0.00000000 1.00000000

-0.65566281 -0.44990491 0.60637600
0.40422713 0.46915156 0.78517338
-0.63773561 0.75992262 -0.12574146

975118.39038551 -5127745.73915046 3643828.33001118

500.00000000 0.00000000 320.00000000
0.00000000 500.00000000 240.00000000
0.00000000 0.00000000 1.00000000

-0.63430663 -0.50903656 0.58183922
0.38511184 0.44453408 0.80875109
-0.67033123 0.73706935 -0.08593490

975357.58359582 -5127964.04138612 3643459.58694944

500.00000000 0.00000000 320.00000000
0.00000000 500.00000000 240.00000000
0.00000000 0.00000000 1.00000000

-0.61000315 -0.56722706 0.55330788
0.36670694 0.41691815 0.83168821
-0.70244016 0.71023427 -0.04631529

975632.66285253 -5128171.15794925 3643095.30353745

500.00000000 0.00000000 320.00000000
0.00000000 500.00000000 240.00000000
0.00000000 0.00000000 1.00000000

-0.58259619 -0.62382832 0.52097975
0.34943143 0.38648300 0.85353885
-0.73381153 0.67931518 -0.00717830

975943.76954881 -5128365.83720006 3642739.79654485

500.00000000 0.00000000 320.00000000
0.00000000 500.00000000 240.00000000
0.00000000 0.00000000 1.00000000

-0.55214100 -0.67655233 0.48725482
0.33325012 0.35661902 0.87279278
-0.76425432 0.64428241 0.02855717

976290.44314136 -5128545.63905932 3642396.07469236

500.00000000 0.00000000 320.00000000
0.00000000 500.00000000 240.00000000
0.00000000 0.00000000 1.00000000

-0.51931914 -0.72584193 0.45106664
0.31901220 0.32501100 0.89028033
-0.79280442 0.60623538 0.06276800

976663.95360138 -5128706.17124924 3642073.12738924

500.00000000 0.00000000 320.00000000
0.00000000 500.00000000 240.00000000
0.00000000 0.00000000 1.00000000

-0.48253961 -0.77362886 0.41067494
0.30618121 0.29030159 0.90663006
-0.82061476 0.56322587 0.09678860

977079.69853935 -5128850.70872938 3641760.17865670

500.00000000 0.00000000 320.00000000
0.00000000 500.00000000 240.00000000
0.00000000 0.00000000 1.00000000

-0.44400828 -0.81625914 0.36956414
0.29508286 0.25623528 0.92047248
-0.84603945 0.51774945 0.12709350

977517.98808263 -5128971.47938506 3641474.38709815

500.00000000 0.00000000 320.00000000
0.00000000 500.00000000 240.00000000
0.00000000 0.00000000 1.00000000

-0.40242424 -0.85570356 0.32530931
0.28611474 0.21998756 0.93260057
-0.86959363 0.46837687 0.15630108

977990.56089419 -5129070.59415140 3641209.66660230

500.00000000 0.00000000 320.00000000
0.00000000 500.00000000 240.00000000
0.00000000 0.00000000 1.00000000

-0.35902198 -0.89066034 0.27897559
0.27915759 0.18274677 0.94269542
-0.89060331 0.41632653 0.18302449

978481.92243997 -5129143.80401941 3640975.57105295

500.00000000 0.00000000 320.00000000
0.00000000 500.00000000 240.00000000
0.00000000 0.00000000 1.00000000

-0.31368982 -0.92094791 0.23120043
0.27447422 0.14514822 0.95057661
-0.90898988 0.36164476 0.20724494

978995.78431321 -5129192.06746938 3640770.81362399

500.00000000 0.00000000 320.00000000
0.00000000 500.00000000 240.00000000
0.00000000 0.00000000 1.00000000

-0.26778112 -0.94640870 0.18056534
0.27214079 0.10548201 0.95645854
-0.92424708 0.30526074 0.22931032

979514.62082554 -5129213.67170539 3640601.94925746

500.00000000 0.00000000 320.00000000
0.00000000 500.00000000 240.00000000
0.00000000 0.00000000 1.00000000

-0.22058840 -0.96669268 0.12979220
0.27204417 0.06681117 0.95996262
-0.93666041 0.24706583 0.24824534

980046.56098560 -5129209.84704863 3640465.60905647

500.00000000 0.00000000 320.00000000
0.00000000 500.00000000 240.00000000
0.00000000 0.00000000 1.00000000

-0.17267988 -0.98200753 0.07643861
0.27424984 0.02660089 0.96129050
-0.94602784 0.18695881 0.26472197

980586.48717700 -5129179.14122160 3640363.10241464

500.00000000 0.00000000 320.00000000
0.00000000 500.00000000 240.00000000
0.00000000 0.00000000 1.00000000

-0.12528430 -0.99187129 0.02225306
0.27894078 -0.01369056 0.96021071
-0.95210077 0.12650661 0.27838856

981121.15826204 -5129124.28426968 3640297.28575380

500.00000000 0.00000000 320.00000000
0.00000000 500.00000000 240.00000000
0.00000000 0.00000000 1.00000000

-0.07841833 -0.99644542 -0.03077481
0.28683894 -0.05211665 0.95656013
-0.95476384 0.06618444 0.28990625

981650.07957291 -5129045.16352966 3640265.84163815

500.00000000 0.00000000 320.00000000
0.00000000 500.00000000 240.00000000
0.00000000 0.00000000 1.00000000

-0.05563536 -0.99675167 -0.05823077
0.29069335 -0.07196493 0.95410609
-0.95519741 0.03615474 0.29375287

981906.78574403 -5128998.34918419 3640263.10306996

500.00000000 0.00000000 320.00000000
0.00000000 500.00000000 240.00000000
0.00000000 0.00000000 1.00000000

-0.00970601 -0.99360062 -0.11253265
0.30033788 -0.11023860 0.94744109
-0.95378349 -0.02460195 0.29948588

982423.81927086 -5128885.76833734 3640281.55621541

500.00000000 0.00000000 320.00000000
0.00000000 500.00000000 240.00000000
0.00000000 0.00000000 1.00000000

0.03445740 -0.98549840 -0.16614928
0.31179516 -0.14734988 0.93865425
-0.94952434 -0.08414813 0.30219634

982920.67953369 -5128754.27793975 3640331.28327833

500.00000000 0.00000000 320.00000000
0.00000000 500.00000000 240.00000000
0.00000000 0.00000000 1.00000000

0.07712393 -0.97225250 -0.22085509
0.32471524 -0.18494336 0.92755375
-0.94266214 -0.14325160 0.30144164

983398.67231495 -5128605.87453504 3640410.71198218

500.00000000 0.00000000 320.00000000
0.00000000 500.00000000 240.00000000
0.00000000 0.00000000 1.00000000

0.11763902 -0.95491201 -0.27258781
0.33897754 -0.21939350 0.91485557
-0.93341057 -0.20002385 0.29788448

983855.53676284 -5128442.36932220 3640517.39656757

500.00000000 0.00000000 320.00000000
0.00000000 500.00000000 240.00000000
0.00000000 0.00000000 1.00000000

0.15594354 -0.93324367 -0.32363231
0.35450791 -0.25293347 0.90019376
-0.92195757 -0.25510961 0.29139892

984285.32632444 -5128267.19039735 3640647.61846532

500.00000000 0.00000000 320.00000000
0.00000000 500.00000000 240.00000000
0.00000000 0.00000000 1.00000000

0.20110810 -0.90062335 -0.38527019
0.37534499 -0.29243834 0.87954304
-0.90480477 -0.32149247 0.27923274

984791.91213518 -5128031.16264463 3640842.27179552

500.00000000 0.00000000 320.00000000
0.00000000 500.00000000 240.00000000
0.00000000 0.00000000 1.00000000

0.24261593 -0.86307891 -0.44298116
0.39739053 -0.32813949 0.85697447
-0.88499620 -0.38395218 0.26336751

985257.09223167 -5127781.53267727 3641066.46437705

500.00000000 0.00000000 320.00000000
0.00000000 500.00000000 240.00000000
0.00000000 0.00000000 1.00000000

0.28029968 -0.81961840 -0.49965764
0.42036902 -0.36314762 0.83151289
-0.86297276 -0.44311339 0.24275202

985679.77124995 -5127522.28705185 3641314.92311833

500.00000000 0.00000000 320.00000000
0.00000000 500.00000000 240.00000000
0.00000000 0.00000000 1.00000000

0.31428521 -0.77244230 -0.55186747
0.44385936 -0.39430624 0.80468097
-0.83917440 -0.49785087 0.21893113

986060.43102568 -5127257.39269926 3641584.06558791

500.00000000 0.00000000 320.00000000
0.00000000 500.00000000 240.00000000
0.00000000 0.00000000 1.00000000

0.34463880 -0.72196588 -0.59999113
0.46775895 -0.42207584 0.77656522
-0.81389536 -0.54828573 0.19224229

986400.19553545 -5126988.81565619 3641869.28235056

500.00000000 0.00000000 320.00000000
0.00000000 500.00000000 240.00000000
0.00000000 0.00000000 1.00000000

0.37141405 -0.66879974 -0.64401748
0.49177102 -0.44664402 0.74744256
-0.78753595 -0.59431980 0.16300646

986700.52881626 -5126719.32506329 3642166.83749327

500.00000000 0.00000000 320.00000000
0.00000000 500.00000000 240.00000000
0.00000000 0.00000000 1.00000000

0.39484334 -0.61418170 -0.68328587
0.51572815 -0.46732147 0.71807738
-0.76034414 -0.63591782 0.13223203

986962.53802753 -5126450.30338716 3642472.93982275

500.00000000 0.00000000 320.00000000
0.00000000 500.00000000 240.00000000
0.00000000 0.00000000 1.00000000

0.41892391 -0.54659808 -0.72507468
0.54426263 -0.48802589 0.68235542
-0.72682938 -0.68048605 0.09304720

987230.74738935 -5126129.15280782 3642850.16972982

500.00000000 0.00000000 320.00000000
0.00000000 500.00000000 240.00000000
0.00000000 0.00000000 1.00000000

0.43839440 -0.47785379 -0.76122671
0.57223194 -0.50471702 0.64638327
-0.69308078 -0.71896904 0.05217808

987448.94343148 -5125815.83413457 3643229.83421424

500.00000000 0.00000000 320.00000000
0.00000000 500.00000000 240.00000000
0.00000000 0.00000000 1.00000000

0.45395781 -0.40798706 -0.79212933
0.59938667 -0.51797003 0.61028081
-0.65928593 -0.75183350 0.00940546

987622.54714682 -5125510.47045829 3643610.83378035

