500.00000000 0.00000000 320.00000000
0.00000000 500.00000000 240.00000000
0.00000000 0.00000000 1.00000000

-0.46730464 -0.10535430 -0.87779658
-0.63376170 -0.65234346 0.41568512
0.61641908 -0.75056544 -0.23807360

987786.30209077 -5125133.42234714 3644098.90174622

500.00000000 0.00000000 320.00000000
0.00000000 500.00000000 240.00000000
0.00000000 0.00000000 1.00000000

-0.47555554 -0.03361884 -0.87904306
-0.66140117 -0.64517574 0.38248758
0.57999605 -0.76329420 -0.28458136

987877.23468911 -5124821.74394931 3644510.29665071

500.00000000 0.00000000 320.00000000
0.00000000 500.00000000 240.00000000
0.00000000 0.00000000 1.00000000

-0.48054653 0.04014433 -0.87604992
-0.68949999 -0.63458070 0.34913765
0.54190847 -0.77181330 -0.33262506

987929.41059933 -5124504.31675346 3644939.03575997

500.00000000 0.00000000 320.00000000
0.00000000 500.00000000 240.00000000
0.00000000 0.00000000 1.00000000

-0.48185301 0.10981385 -0.86934377
-0.71639303 -0.62066666 0.31867525
0.50457774 -0.77634645 -0.37773998

987940.80629364 -5124201.46934627 3645358.84117781

500.00000000 0.00000000 320.00000000
0.00000000 500.00000000 240.00000000
0.00000000 0.00000000 1.00000000

-0.47981083 0.17887584 -0.85894412
-0.74201323 -0.60514554 0.28847052
0.46818580 -0.77575918 -0.42308362

987914.43926881 -5123912.90354098 3645768.27837744

500.00000000 0.00000000 320.00000000
0.00000000 500.00000000 240.00000000
0.00000000 0.00000000 1.00000000

-0.47492708 0.24512365 -0.84519741
-0.76632314 -0.58738087 0.26025478
0.43265819 -0.77129638 -0.46680701

987854.27954507 -5123638.94335103 3646166.87757287

500.00000000 0.00000000 320.00000000
0.00000000 500.00000000 240.00000000
0.00000000 0.00000000 1.00000000

-0.46583240 0.31613774 -0.82647269
-0.79267138 -0.56420542 0.23096393
0.39328395 -0.76271172 -0.51341850

987748.35036647 -5123343.45321944 3646607.77416923

500.00000000 0.00000000 320.00000000
0.00000000 500.00000000 240.00000000
0.00000000 0.00000000 1.00000000

-0.45331634 0.38569013 -0.80358411
-0.81746216 -0.53928331 0.20230950
0.35533072 -0.74860980 -0.55975302

987605.77122251 -5123066.47875802 3647034.18031253

500.00000000 0.00000000 320.00000000
0.00000000 500.00000000 240.00000000
0.00000000 0.00000000 1.00000000

-0.43819420 0.45156676 -0.77722153
-0.84036985 -0.51266373 0.17593865
0.31900524 -0.73024884 -0.60412936

987430.28144331 -5122809.05422586 3647440.52209330

500.00000000 0.00000000 320.00000000
0.00000000 500.00000000 240.00000000
0.00000000 0.00000000 1.00000000

-0.42014004 0.51255654 -0.74884454
-0.86174971 -0.48395385 0.15223700
0.28437613 -0.70927742 -0.64502384

987225.80949133 -5122570.82965702 3647828.84686613

500.00000000 0.00000000 320.00000000
0.00000000 500.00000000 240.00000000
0.00000000 0.00000000 1.00000000

-0.40013379 0.57100107 -0.71683382
-0.88127086 -0.45438773 0.12997485
0.25150472 -0.68373209 -0.68502249

986997.05501289 -5122352.54936548 3648195.81635528

500.00000000 0.00000000 320.00000000
0.00000000 500.00000000 240.00000000
0.00000000 0.00000000 1.00000000

-0.37588265 0.62905574 -0.68044185
-0.90055890 -0.42104689 0.10822748
0.21841681 -0.65345880 -0.72476596

986741.35665989 -5122149.53893825 3648547.62458989

500.00000000 0.00000000 320.00000000
0.00000000 500.00000000 240.00000000
0.00000000 0.00000000 1.00000000

-0.34815712 0.68473510 -0.64025344
-0.91891050 -0.38438943 0.08859039
0.18544571 -0.61917898 -0.76303819

986430.59548658 -5121944.53353037 3648916.93741873

500.00000000 0.00000000 320.00000000
0.00000000 500.00000000 240.00000000
0.00000000 0.00000000 1.00000000

-0.31836044 0.73544916 -0.59813139
-0.93528748 -0.34654789 0.07170695
0.15454436 -0.58225346 -0.79818353

986094.36894457 -5121760.98529123 3649263.61948873

500.00000000 0.00000000 320.00000000
0.00000000 500.00000000 240.00000000
0.00000000 0.00000000 1.00000000

-0.28644606 0.78179418 -0.55384701
-0.94981743 -0.30754604 0.05711641
0.12568018 -0.54241431 -0.83065709

985734.61956305 -5121597.39040906 3649587.16618847

500.00000000 0.00000000 320.00000000
0.00000000 500.00000000 240.00000000
0.00000000 0.00000000 1.00000000

-0.25270519 0.82272517 -0.50917912
-0.96248977 -0.26747575 0.04549899
0.09875990 -0.50157753 -0.85945708

985354.81430983 -5121455.84751896 3649885.28222722

500.00000000 0.00000000 320.00000000
0.00000000 500.00000000 240.00000000
0.00000000 0.00000000 1.00000000

-0.21717514 0.86006550 -0.46165171
-0.97331849 -0.22668645 0.03555795
0.07406802 -0.45705645 -0.88634831

984955.04521839 -5121335.39701639 3650160.84903579

500.00000000 0.00000000 320.00000000
0.00000000 500.00000000 240.00000000
0.00000000 0.00000000 1.00000000

-0.18003219 0.89391046 -0.41050273
-0.98230770 -0.18526171 0.02738013
0.05157505 -0.40816930 -0.91144821

984538.33574352 -5121236.31335244 3650412.15345189

500.00000000 0.00000000 320.00000000
0.00000000 500.00000000 240.00000000
0.00000000 0.00000000 1.00000000

-0.14113936 0.92213393 -0.36020646
-0.98950477 -0.14278833 0.02217648
0.03098360 -0.35955598 -0.93260898

984100.13062209 -5121156.14686575 3650640.70495090

500.00000000 0.00000000 320.00000000
0.00000000 500.00000000 240.00000000
0.00000000 0.00000000 1.00000000

-0.10104422 0.94669283 -0.30588029
-0.99479920 -0.10010699 0.01879215
0.01283036 -0.30618831 -0.95188450

983650.69294392 -5121098.08108308 3650841.92154845

500.00000000 0.00000000 320.00000000
0.00000000 500.00000000 240.00000000
0.00000000 0.00000000 1.00000000

-0.05996019 0.96551859 -0.25333500
-0.99819642 -0.05724758 0.01807272
-0.00294673 -0.25396173 -0.96720978

983189.44170153 -5121060.55609112 3651017.09551008

500.00000000 0.00000000 320.00000000
0.00000000 500.00000000 240.00000000
0.00000000 0.00000000 1.00000000

-0.01822955 0.97956603 -0.20029498
-0.99970106 -0.01459303 0.01961741
-0.01629363 -0.20059272 -0.97953922

982721.07373096 -5121044.85099683 3651164.74811143

500.00000000 0.00000000 320.00000000
0.00000000 500.00000000 240.00000000
0.00000000 0.00000000 1.00000000

0.02485865 0.98924357 -0.14414995
-0.99931446 0.02854674 0.02357315
-0.02743460 -0.14346514 -0.98927504

982237.51760120 -5121050.52468878 3651286.08762315

500.00000000 0.00000000 320.00000000
0.00000000 500.00000000 240.00000000
0.00000000 0.00000000 1.00000000

0.06861131 0.99358351 -0.08991267
-0.99699328 0.07154083 0.02977085
-0.03601226 -0.08759971 -0.99550460

981747.89018621 -5121077.70614673 3651379.01989244

500.00000000 0.00000000 320.00000000
0.00000000 500.00000000 240.00000000
0.00000000 0.00000000 1.00000000

0.11295827 0.99302214 -0.03387406
-0.99270711 0.11423596 0.03850632
-0.04210727 -0.02927741 -0.99868404

981251.32042336 -5121126.23677760 3651444.00078563

500.00000000 0.00000000 320.00000000
0.00000000 500.00000000 240.00000000
0.00000000 0.00000000 1.00000000

0.15801705 0.98721595 0.02086344
-0.98640345 0.15685033 0.04905314
-0.04515361 0.02833100 -0.99857824

980747.80952205 -5121196.63591709 3651480.30535570

500.00000000 0.00000000 320.00000000
0.00000000 500.00000000 240.00000000
0.00000000 0.00000000 1.00000000

0.20328700 0.97597862 0.07835892
-0.97804926 0.19867320 0.06283792
-0.04576065 0.08941302 -0.99494285

980242.08686114 -5121289.88198447 3651485.30023729

500.00000000 0.00000000 320.00000000
0.00000000 500.00000000 240.00000000
0.00000000 0.00000000 1.00000000

0.24866422 0.95941327 0.13301231
-0.96762234 0.23992622 0.07837362
-0.04327955 0.14819440 -0.98801078

979734.49014167 -5121406.32009017 3651457.37001656

500.00000000 0.00000000 320.00000000
0.00000000 500.00000000 240.00000000
0.00000000 0.00000000 1.00000000

0.29375519 0.93751049 0.18649923
-0.95512500 0.28012541 0.09625998
-0.03800157 0.20640695 -0.97772801

979230.78166400 -5121545.54262757 3651396.58751168

500.00000000 0.00000000 320.00000000
0.00000000 500.00000000 240.00000000
0.00000000 0.00000000 1.00000000

0.33418789 0.91291293 0.23432549
-0.94201526 0.31550030 0.11431015
-0.03042545 0.25893925 -0.96541429

978778.60132301 -5121692.66990774 3651313.07955944

500.00000000 0.00000000 320.00000000
0.00000000 500.00000000 240.00000000
0.00000000 0.00000000 1.00000000

0.37430522 0.88286800 0.28361893
-0.92708223 0.34957004 0.13534890
-0.02035053 0.31359987 -0.94933712

978330.12699974 -5121859.25792204 3651200.36654078

500.00000000 0.00000000 320.00000000
0.00000000 500.00000000 240.00000000
0.00000000 0.00000000 1.00000000

0.41395987 0.84862838 0.32934345
-0.91026339 0.38288172 0.15755048
-0.00760222 0.36500886 -0.93097301

977886.69114133 -5122046.48227996 3651056.44980966

500.00000000 0.00000000 320.00000000
0.00000000 500.00000000 240.00000000
0.00000000 0.00000000 1.00000000

0.45284750 0.80781377 0.37731426
-0.89155027 0.41417289 0.18330012
0.00820098 0.41940163 -0.90776374

977450.56609225 -5122255.57926735 3650880.03860676

500.00000000 0.00000000 320.00000000
0.00000000 500.00000000 240.00000000
0.00000000 0.00000000 1.00000000

0.49084030 0.76243778 0.42162119
-0.87083174 0.44431780 0.21031825
0.02697922 0.47039379 -0.88204410

977025.57626809 -5122487.16337211 3650670.29546643

500.00000000 0.00000000 320.00000000
0.00000000 500.00000000 240.00000000
0.00000000 0.00000000 1.00000000

0.52780904 0.71030254 0.46571226
-0.84794831 0.47229299 0.24067195
0.04900274 0.52192876 -0.85158035

976612.47349709 -5122742.29296537 3650423.97785519

500.00000000 0.00000000 320.00000000
0.00000000 500.00000000 240.00000000
0.00000000 0.00000000 1.00000000

0.55867413 0.66061629 0.50146718
-0.82634996 0.49505784 0.26844643
0.07091518 0.56436146 -0.82247625

976266.73731853 -5122983.36102898 3650179.28585668

500.00000000 0.00000000 320.00000000
0.00000000 500.00000000 240.00000000
0.00000000 0.00000000 1.00000000

0.58807845 0.60738164 0.53408921
-0.80315418 0.51645448 0.29701536
0.09543109 0.60362432 -0.79153685

975936.88358879 -5123241.67910339 3649905.04671797

500.00000000 0.00000000 320.00000000
0.00000000 500.00000000 240.00000000
0.00000000 0.00000000 1.00000000

0.61548202 0.54958715 0.56492110
-0.77856751 0.53540021 0.32738241
0.12253370 0.64132720 -0.75741990

975628.47570227 -5123516.24580302 3649603.60522611

500.00000000 0.00000000 320.00000000
0.00000000 500.00000000 240.00000000
0.00000000 0.00000000 1.00000000

0.64115950 0.48702897 0.59305756
-0.75198633 0.55287862 0.35894539
0.15307204 0.67611243 -0.72072251

975337.05480918 -5123813.88061103 3649266.45949991

500.00000000 0.00000000 320.00000000
0.00000000 500.00000000 240.00000000
0.00000000 0.00000000 1.00000000

0.66427222 0.41780746 0.61982202
-0.72391637 0.56618839 0.39417736
0.18624580 0.71054038 -0.67856088

975073.66558789 -5124128.75131537 3648896.19004166

500.00000000 0.00000000 320.00000000
0.00000000 500.00000000 240.00000000
0.00000000 0.00000000 1.00000000

0.68186467 0.35603011 0.63898602
-0.69846108 0.57638973 0.42417803
0.21728483 0.73553888 -0.64169296

974872.73238816 -5124413.91689765 3648551.22225145

500.00000000 0.00000000 320.00000000
0.00000000 500.00000000 240.00000000
0.00000000 0.00000000 1.00000000

0.69697948 0.28991337 0.65587334
-0.67195886 0.58340253 0.45619379
0.25038149 0.75867762 -0.60142945

974698.81780724 -5124710.45815348 3648182.10722172

500.00000000 0.00000000 320.00000000
0.00000000 500.00000000 240.00000000
0.00000000 0.00000000 1.00000000

0.70947832 0.21973635 0.66959424
-0.64397071 0.58808920 0.48933916
0.28625554 0.77837461 -0.55874031

974554.28937549 -5125024.46108972 3647781.27662253

500.00000000 0.00000000 320.00000000
0.00000000 500.00000000 240.00000000
0.00000000 0.00000000 1.00000000

0.71855151 0.14444859 0.68030753
-0.61516078 0.58833576 0.52482211
0.32443943 0.79561023 -0.51160865

974445.96806953 -5125350.76637961 3647355.15491255

500.00000000 0.00000000 320.00000000
0.00000000 500.00000000 240.00000000
0.00000000 0.00000000 1.00000000

0.72404678 0.06566316 0.68661825
-0.58538378 0.58498910 0.56134979
0.36480419 0.80837869 -0.46199761

974377.94324586 -5125686.94457566 3646903.95640561

500.00000000 0.00000000 320.00000000
0.00000000 500.00000000 240.00000000
0.00000000 0.00000000 1.00000000

0.72549006 -0.00575533 0.68820858
-0.55964161 0.57708987 0.59478446
0.40058138 0.81666037 -0.41545204

974356.80259500 -5125978.70898795 3646502.75741237

500.00000000 0.00000000 320.00000000
0.00000000 500.00000000 240.00000000
0.00000000 0.00000000 1.00000000

0.72370519 -0.07907311 0.68556418
-0.53388319 0.56532441 0.62879014
0.43728656 0.82106988 -0.36691241

974372.14667404 -5126271.44917942 3646089.92093091

500.00000000 0.00000000 320.00000000
0.00000000 500.00000000 240.00000000
0.00000000 0.00000000 1.00000000

0.71833359 -0.15263725 0.67874791
-0.50743675 0.55247384 0.66127195
0.47592520 0.81943549 -0.31940677

974427.47749644 -5126571.82595821 3645656.25489116

500.00000000 0.00000000 320.00000000
0.00000000 500.00000000 240.00000000
0.00000000 0.00000000 1.00000000

0.70916537 -0.23205365 0.66575940
-0.48087908 0.53135367 0.69743716
0.51559654 0.81474805 -0.26522787

974527.02637162 -5126872.76319796 3645208.42137870

500.00000000 0.00000000 320.00000000
0.00000000 500.00000000 240.00000000
0.00000000 0.00000000 1.00000000

0.69556574 -0.30953115 0.64836623
-0.45486588 0.50881897 0.73089007
0.55613428 0.80330177 -0.21312188

974673.19573780 -5127169.74863064 3644753.12141115

500.00000000 0.00000000 320.00000000
0.00000000 500.00000000 240.00000000
0.00000000 0.00000000 1.00000000

0.67789801 -0.38794389 0.62446283
-0.42916900 0.48082714 0.76460397
0.59688211 0.78632360 -0.15945828

974869.30328405 -5127461.61725466 3644291.61660016

500.00000000 0.00000000 320.00000000
0.00000000 500.00000000 240.00000000
0.00000000 0.00000000 1.00000000

0.65566281 -0.46734396 0.59303955
-0.40422713 0.44612583 0.79848116
0.63773561 0.76325708 -0.10359501

975118.39038551 -5127745.73915046 3643828.33001118

500.00000000 0.00000000 320.00000000
0.00000000 500.00000000 240.00000000
0.00000000 0.00000000 1.00000000

0.63430663 -0.53031005 0.56251787
-0.38511184 0.41416813 0.82471427
0.67033123 0.73975403 -0.05848091

975357.58359582 -5127964.04138612 3643459.58694944

500.00000000 0.00000000 320.00000000
0.00000000 500.00000000 240.00000000
0.00000000 0.00000000 1.00000000

0.61000315 -0.59122747 0.52758529
-0.36670694 0.37959144 0.84937410
0.70244016 0.71159006 -0.01474476

975632.66285253 -5128171.15794925 3643095.30353745

500.00000000 0.00000000 320.00000000
0.00000000 500.00000000 240.00000000
0.00000000 0.00000000 1.00000000

0.58259619 -0.64962609 0.48843385
-0.34943143 0.34237883 0.87216650
0.73381153 0.67879502 0.02753117

975943.76954881 -5128365.83720006 3642739.79654485

500.00000000 0.00000000 320.00000000
0.00000000 500.00000000 240.00000000
0.00000000 0.00000000 1.00000000

0.55214100 -0.70681745 0.44220968
-0.33325012 0.29908422 0.89414371
0.76425432 0.64105984 0.07041034

976290.44314136 -5128545.63905932 3642396.07469236

500.00000000 0.00000000 320.00000000
0.00000000 500.00000000 240.00000000
0.00000000 0.00000000 1.00000000

0.51931914 -0.75896727 0.39278024
-0.31901220 0.25422225 0.91301821
0.79280442 0.59944952 0.11009734

976663.95360138 -5128706.17124924 3642073.12738924

500.00000000 0.00000000 320.00000000
0.00000000 500.00000000 240.00000000
0.00000000 0.00000000 1.00000000

0.48253961 -0.80818495 0.33762790
-0.30618121 0.20550919 0.92952625
0.82061476 0.55190855 0.14828472

977079.69853935 -5128850.70872938 3641760.17865670

500.00000000 0.00000000 320.00000000
0.00000000 500.00000000 240.00000000
0.00000000 0.00000000 1.00000000

0.44400828 -0.85184479 0.27787964
-0.29508286 0.15381212 0.94301004
0.84603945 0.50070179 0.18307095

977517.98808263 -5128971.47938506 3641474.38709815

500.00000000 0.00000000 320.00000000
0.00000000 500.00000000 240.00000000
0.00000000 0.00000000 1.00000000

0.40242424 -0.89009544 0.21397393
-0.28611474 0.09973718 0.95299048
0.86959363 0.44472756 0.21453277

977990.56089419 -5129070.59415140 3641209.66660230

500.00000000 0.00000000 320.00000000
0.00000000 500.00000000 240.00000000
0.00000000 0.00000000 1.00000000

0.35902198 -0.92163410 0.14728817
-0.27915759 0.04454781 0.95921141
0.89060331 0.38549459 0.24128751

978481.92243997 -5129143.80401941 3640975.57105295

500.00000000 0.00000000 320.00000000
0.00000000 500.00000000 240.00000000
0.00000000 0.00000000 1.00000000

0.31368982 -0.94637236 0.07731783
-0.27447422 -0.01242384 0.96151420
0.90898988 0.32283896 0.26365205

978995.78431321 -5129192.06746938 3640770.81362399

500.00000000 0.00000000 320.00000000
0.00000000 500.00000000 240.00000000
0.00000000 0.00000000 1.00000000

0.26778112 -0.96343735 0.00904091
-0.27214079 -0.06663159 0.95994772
0.92424708 0.25951628 0.28003328

979514.62082554 -5129213.67170539 3640601.94925746

500.00000000 0.00000000 320.00000000
0.00000000 500.00000000 240.00000000
0.00000000 0.00000000 1.00000000

0.22058840 -0.97338313 -0.06217755
-0.27204417 -0.12261828 0.95444053
0.93666041 0.19362347 0.29185137

980046.56098560 -5129209.84704863 3640465.60905647

500.00000000 0.00000000 320.00000000
0.00000000 500.00000000 240.00000000
0.00000000 0.00000000 1.00000000

0.17267988 -0.97605255 -0.13229919
-0.27424984 -0.17664945 0.94529466
0.94602784 0.12695034 0.29818607

980586.48717700 -5129179.14122160 3640363.10241464

500.00000000 0.00000000 320.00000000
0.00000000 500.00000000 240.00000000
0.00000000 0.00000000 1.00000000

0.12528430 -0.97177076 -0.19991357
-0.27894078 -0.22787500 0.93287996
0.95210077 0.06111116 0.29961566

981121.15826204 -5129124.28426968 3640297.28575380

500.00000000 0.00000000 320.00000000
0.00000000 500.00000000 240.00000000
0.00000000 0.00000000 1.00000000

0.07841833 -0.96040683 -0.26733739
-0.28683894 -0.27855990 0.91658486
0.95476384 -0.00480572 0.29732628

981650.07957291 -5129045.16352966 3640265.84163815

500.00000000 0.00000000 320.00000000
0.00000000 500.00000000 240.00000000
0.00000000 0.00000000 1.00000000

0.05563536 -0.95283815 -0.29833567
-0.29069335 -0.30131220 0.90813454
0.95519741 -0.03619980 0.29374733

981906.78574403 -5128998.34918419 3640263.10306996

500.00000000 0.00000000 320.00000000
0.00000000 500.00000000 240.00000000
0.00000000 0.00000000 1.00000000

0.00970601 -0.93225692 -0.36166673
-0.30033788 -0.34770212 0.88820065
0.95378349 -0.10000134 0.28336687

982423.81927086 -5128885.76833734 3640281.55621541

500.00000000 0.00000000 320.00000000
0.00000000 500.00000000 240.00000000
0.00000000 0.00000000 1.00000000

-0.03445740 -0.90638974 -0.42103482
-0.31179516 -0.39050853 0.86619101
0.94952434 -0.16112331 0.26915202

982920.67953369 -5128754.27793975 3640331.28327833

500.00000000 0.00000000 320.00000000
0.00000000 500.00000000 240.00000000
0.00000000 0.00000000 1.00000000

-0.07712393 -0.87641516 -0.47534026
-0.32471524 -0.42868680 0.84308223
0.94266214 -0.21937204 0.25152334

983398.67231495 -5128605.87453504 3640410.71198218

500.00000000 0.00000000 320.00000000
0.00000000 500.00000000 240.00000000
0.00000000 0.00000000 1.00000000

-0.11763902 -0.84175663 -0.52688409
-0.33897754 -0.46466290 0.81803583
0.93341057 -0.27483480 0.23067410

983855.53676284 -5128442.36932220 3640517.39656757

500.00000000 0.00000000 320.00000000
0.00000000 500.00000000 240.00000000
0.00000000 0.00000000 1.00000000

-0.15594354 -0.80409918 -0.57367772
-0.35450791 -0.49652809 0.79232821
0.92195757 -0.32693176 0.20762917

984285.32632444 -5128267.19039735 3640647.61846532

500.00000000 0.00000000 320.00000000
0.00000000 500.00000000 240.00000000
0.00000000 0.00000000 1.00000000

-0.20110810 -0.75247345 -0.62716763
-0.37534499 -0.53218792 0.75887558
0.90480477 -0.38802026 0.17540984

984791.91213518 -5128031.16264463 3640842.27179552

500.00000000 0.00000000 320.00000000
0.00000000 500.00000000 240.00000000
0.00000000 0.00000000 1.00000000

-0.24261593 -0.69670020 -0.67508988
-0.39739053 -0.56344671 0.72429868
0.88499620 -0.44400072 0.14016091

985257.09223167 -5127781.53267727 3641066.46437705

500.00000000 0.00000000 320.00000000
0.00000000 500.00000000 240.00000000
0.00000000 0.00000000 1.00000000

-0.28029968 -0.64044440 -0.71502662
-0.42036902 -0.58776483 0.69124698
0.86297276 -0.49433135 0.10447269

985679.77124995 -5127522.28705185 3641314.92311833

500.00000000 0.00000000 320.00000000
0.00000000 500.00000000 240.00000000
0.00000000 0.00000000 1.00000000

-0.31428521 -0.58219424 -0.74984977
-0.44385936 -0.60810527 0.65817692
0.83917440 -0.53968311 0.06729387

986060.43102568 -5127257.39269926 3641584.06558791

500.00000000 0.00000000 320.00000000
0.00000000 500.00000000 240.00000000
0.00000000 0.00000000 1.00000000

-0.34463880 -0.52278142 -0.77969461
-0.46775895 -0.62448739 0.62547347
0.81389536 -0.58027156 0.02931310

986400.19553545 -5126988.81565619 3641869.28235056

500.00000000 0.00000000 320.00000000
0.00000000 500.00000000 240.00000000
0.00000000 0.00000000 1.00000000

-0.37141405 -0.46313093 -0.80471196
-0.49177102 -0.63702501 0.59359954
0.78753595 -0.61620523 -0.00884567

986700.52881626 -5126719.32506329 3642166.83749327

500.00000000 0.00000000 320.00000000
0.00000000 500.00000000 240.00000000
0.00000000 0.00000000 1.00000000

-0.39484334 -0.40268452 -0.82579895
-0.51572815 -0.64671582 0.56194583
0.76034414 -0.64776834 -0.04767569

986962.53802753 -5126450.30338716 3642472.93982275

500.00000000 0.00000000 320.00000000
0.00000000 500.00000000 240.00000000
0.00000000 0.00000000 1.00000000

-0.41892391 -0.33011804 -0.84588701
-0.54426263 -0.65439089 0.52492928
0.72682938 -0.68029012 -0.09446907

987230.74738935 -5126129.15280782 3642850.16972982

500.00000000 0.00000000 320.00000000
0.00000000 500.00000000 240.00000000
0.00000000 0.00000000 1.00000000

-0.43839440 -0.25935939 -0.86054811
-0.57223194 -0.65778509 0.48976462
0.69308078 -0.70714318 -0.13995557

987448.94343148 -5125815.83413457 3643229.83421424

500.00000000 0.00000000 320.00000000
0.00000000 500.00000000 240.00000000
0.00000000 0.00000000 1.00000000

-0.45395781 -0.19095108 -0.87032178
-0.59938667 -0.65728575 0.45684906
0.65928593 -0.72904947 -0.18392647

987622.54714682 -5125510.47045829 3643610.83378035

