0.097306 0.995240 0.005375 -0.000099 -0.194787 0.024341 -0.980544 0.000020 -0.976007 0.094366 0.196228 -0.000011 0.000000 0.000000 0.000000 1.000000
0.100595 0.994928 -0.000046 0.002942 -0.190409 0.019206 -0.981517 0.003117 -0.976537 0.098744 0.191375 0.015861 0.000000 0.000000 0.000000 1.000000
0.097006 0.995284 0.000094 -0.017704 -0.191496 0.018757 -0.981314 0.034778 -0.976688 0.095176 0.192413 0.177309 0.000000 0.000000 0.000000 1.000000
0.097223 0.995263 -0.000020 -0.012352 -0.191811 0.018718 -0.981253 0.033432 -0.976604 0.095404 0.192722 0.170022 0.000000 0.000000 0.000000 1.000000
0.097343 0.995251 -0.000091 -0.010070 -0.191932 0.018682 -0.981230 0.028914 -0.976569 0.095533 0.192839 0.146889 0.000000 0.000000 0.000000 1.000000
0.097840 0.995202 -0.000141 -0.008597 -0.192037 0.018740 -0.981209 0.025899 -0.976498 0.096029 0.192949 0.131465 0.000000 0.000000 0.000000 1.000000
0.094084 0.995564 0.000175 0.082219 -0.191238 0.018245 -0.981374 -0.091237 -0.977024 0.092298 0.192107 -0.467052 0.000000 0.000000 0.000000 1.000000
0.167001 0.985957 0.000055 0.692229 -0.185644 0.031499 -0.982112 -0.857831 -0.968322 0.164003 0.188297 -2.862736 0.000000 0.000000 0.000000 1.000000
0.199867 0.979823 0.000003 1.285668 -0.184787 0.037697 -0.982055 -1.486834 -0.962241 0.196280 0.188593 -6.133097 0.000000 0.000000 0.000000 1.000000
0.230291 0.973122 0.000006 1.715582 -0.178464 0.042240 -0.983039 -2.182961 -0.956617 0.226384 0.183395 -10.046975 0.000000 0.000000 0.000000 1.000000
0.235150 0.971959 0.000008 1.732746 -0.179195 0.043361 -0.982858 -2.915789 -0.955298 0.231118 0.184366 -13.899724 0.000000 0.000000 0.000000 1.000000
0.240559 0.970634 -0.000001 1.662474 -0.190039 0.047097 -0.980646 -3.899649 -0.951849 0.235904 0.195788 -17.982531 0.000000 0.000000 0.000000 1.000000
0.249453 0.968387 -0.000002 1.698019 -0.181664 0.046794 -0.982247 -4.220587 -0.951195 0.245025 0.187594 -22.091913 0.000000 0.000000 0.000000 1.000000
0.245537 0.969387 0.000005 1.434418 -0.182710 0.046283 -0.982077 -5.269398 -0.952013 0.241135 0.188481 -27.456380 0.000000 0.000000 0.000000 1.000000
0.241348 0.970439 0.000001 1.156173 -0.189062 0.047021 -0.980839 -6.404541 -0.951844 0.236723 0.194821 -32.244975 0.000000 0.000000 0.000000 1.000000
0.235451 0.971886 -0.000011 0.752983 -0.196858 0.047680 -0.979272 -7.535014 -0.951740 0.230573 0.202550 -36.431128 0.000000 0.000000 0.000000 1.000000
0.226783 0.973945 0.000005 0.010061 -0.197478 0.045988 -0.979228 -8.722481 -0.953715 0.222072 0.202762 -42.131573 0.000000 0.000000 0.000000 1.000000
0.224281 0.974524 0.000001 -0.540081 -0.197618 0.045482 -0.979223 -9.978323 -0.954277 0.219621 0.202785 -48.179337 0.000000 0.000000 0.000000 1.000000
0.228171 0.973621 -0.000015 -0.780102 -0.212190 0.049713 -0.975963 -12.137670 -0.950218 0.222689 0.217936 -54.346636 0.000000 0.000000 0.000000 1.000000
0.235180 0.971952 -0.000004 -0.754587 -0.222991 0.053952 -0.973326 -14.166629 -0.946026 0.228908 0.229425 -60.102474 0.000000 0.000000 0.000000 1.000000
0.244947 0.969536 -0.000011 -0.520730 -0.229709 0.058023 -0.971528 -16.487095 -0.941931 0.237976 0.236924 -66.322793 0.000000 0.000000 0.000000 1.000000
0.235352 0.971910 -0.000001 -1.737924 -0.223770 0.054186 -0.973135 -18.335489 -0.945799 0.229029 0.230237 -73.543426 0.000000 0.000000 0.000000 1.000000
0.187912 0.982186 0.000003 -6.396932 -0.214965 0.041130 -0.975755 -19.443509 -0.958373 0.183355 0.218864 -81.134654 0.000000 0.000000 0.000000 1.000000
0.040805 0.999167 0.000005 -20.830938 -0.201353 0.008228 -0.979484 -19.883260 -0.978668 0.039966 0.201521 -87.603973 0.000000 0.000000 0.000000 1.000000
-0.152319 0.988331 0.000008 -40.510259 -0.194689 -0.029997 -0.980406 -20.170826 -0.968966 -0.149336 0.196986 -89.596076 0.000000 0.000000 0.000000 1.000000
-0.351744 0.936096 0.000088 -61.588121 -0.175208 -0.065744 -0.982334 -19.018749 -0.919554 -0.345545 0.187136 -86.817676 0.000000 0.000000 0.000000 1.000000
-0.523182 0.852221 -0.000052 -80.008678 -0.150961 -0.092736 -0.984180 -17.271449 -0.838744 -0.514898 0.177170 -80.478949 0.000000 0.000000 0.000000 1.000000
-0.674313 0.738446 -0.000060 -96.809970 -0.115681 -0.105714 -0.987645 -14.407341 -0.729328 -0.665975 0.156709 -71.383473 0.000000 0.000000 0.000000 1.000000
-0.760181 0.649711 0.000134 -107.255093 -0.111933 -0.130761 -0.985075 -14.588245 -0.639996 -0.748851 0.172126 -65.862419 0.000000 0.000000 0.000000 1.000000
-0.772984 0.634425 0.000761 -109.465741 -0.105793 -0.127716 -0.986152 -15.299104 -0.625543 -0.762360 0.165840 -71.006275 0.000000 0.000000 0.000000 1.000000
-0.759835 0.650116 0.000100 -107.727782 -0.102783 -0.119977 -0.987442 -16.328752 -0.641940 -0.750303 0.157983 -80.926545 0.000000 0.000000 0.000000 1.000000
-0.776529 0.630081 0.000141 -110.180647 -0.094301 -0.115998 -0.988763 -16.225600 -0.622985 -0.767816 0.149494 -84.993785 0.000000 0.000000 0.000000 1.000000
-0.795026 0.606575 0.000683 -113.516621 -0.089690 -0.116440 -0.989140 -16.217833 -0.599907 -0.786453 0.146976 -88.662465 0.000000 0.000000 0.000000 1.000000
-0.832041 0.554714 0.000959 -120.039460 -0.078550 -0.116109 -0.990126 -15.739770 -0.549125 -0.823900 0.140180 -89.611949 0.000000 0.000000 0.000000 1.000000
-0.885314 0.464993 0.000597 -129.940997 -0.066285 -0.124933 -0.989949 -15.114972 -0.460245 -0.876455 0.141427 -86.413790 0.000000 0.000000 0.000000 1.000000
-0.922584 0.385796 0.000661 -138.224617 -0.051021 -0.120312 -0.991424 -13.791977 -0.382408 -0.914706 0.130682 -83.908857 0.000000 0.000000 0.000000 1.000000
-0.962711 0.270529 0.001272 -149.295769 -0.030519 -0.103933 -0.994116 -10.738497 -0.268805 -0.957085 0.108314 -76.418258 0.000000 0.000000 0.000000 1.000000
-0.983597 0.180379 0.001040 -157.310795 -0.023524 -0.122556 -0.992183 -11.115110 -0.178842 -0.975932 0.124789 -71.468841 0.000000 0.000000 0.000000 1.000000
-0.990722 0.135905 -0.000039 -161.083513 -0.021091 -0.154029 -0.987841 -13.077368 -0.134258 -0.978675 0.155467 -73.298113 0.000000 0.000000 0.000000 1.000000
-0.989352 0.145540 0.000443 -160.686516 -0.022238 -0.148163 -0.988713 -14.059263 -0.143832 -0.978195 0.149821 -82.677631 0.000000 0.000000 0.000000 1.000000
-0.989187 0.146662 0.000093 -160.701867 -0.022056 -0.148135 -0.988721 -15.099591 -0.144994 -0.978032 0.149768 -89.565724 0.000000 0.000000 0.000000 1.000000
-0.987007 0.160675 0.000461 -159.707577 -0.025923 -0.156407 -0.987352 -17.220664 -0.158571 -0.974536 0.158540 -97.608023 0.000000 0.000000 0.000000 1.000000
-0.991872 0.127243 0.000320 -163.741050 -0.021333 -0.163810 -0.986261 -18.085757 -0.125442 -0.978251 0.165193 -98.803649 0.000000 0.000000 0.000000 1.000000
-0.997910 0.064627 0.000015 -170.846771 -0.010750 -0.165772 -0.986105 -17.516892 -0.063726 -0.984044 0.166120 -94.839339 0.000000 0.000000 0.000000 1.000000
-0.997998 0.063238 -0.000040 -171.651802 -0.010911 -0.172805 -0.984896 -19.056560 -0.062290 -0.982924 0.173150 -99.596988 0.000000 0.000000 0.000000 1.000000
-0.998057 0.062302 -0.000021 -172.129047 -0.011079 -0.177807 -0.984003 -20.122815 -0.061309 -0.982091 0.178152 -102.587211 0.000000 0.000000 0.000000 1.000000
-0.997507 0.070563 0.000060 -171.827906 -0.012668 -0.178240 -0.983905 -21.875299 -0.069417 -0.981454 0.178690 -110.244435 0.000000 0.000000 0.000000 1.000000
-0.996713 0.081009 0.000127 -171.489065 -0.014547 -0.177447 -0.984023 -23.609345 -0.079692 -0.980791 0.178042 -120.281820 0.000000 0.000000 0.000000 1.000000
-0.999268 0.038247 -0.000043 -178.380277 -0.006954 -0.182785 -0.983128 -24.852223 -0.037610 -0.982409 0.182917 -121.887899 0.000000 0.000000 0.000000 1.000000
-0.999616 0.027708 0.000018 -181.311504 -0.005172 -0.185946 -0.982546 -27.216375 -0.027221 -0.982169 0.186017 -129.036018 0.000000 0.000000 0.000000 1.000000
-0.999079 0.042910 -0.000035 -180.718355 -0.008070 -0.188694 -0.982003 -30.507482 -0.042144 -0.981098 0.188866 -142.474073 0.000000 0.000000 0.000000 1.000000
-0.998935 0.046144 0.000326 -181.898750 -0.009007 -0.188048 -0.982118 -33.232540 -0.045258 -0.981075 0.188264 -153.990292 0.000000 0.000000 0.000000 1.000000
-0.999070 0.043113 0.000029 -183.777254 -0.007837 -0.180951 -0.983461 -34.446187 -0.042395 -0.982547 0.181121 -165.228873 0.000000 0.000000 0.000000 1.000000
-0.999771 0.021380 -0.000016 -189.029187 -0.003661 -0.171910 -0.985106 -34.378942 -0.021065 -0.984881 0.171949 -172.200596 0.000000 0.000000 0.000000 1.000000
-0.998925 -0.046366 0.000038 -202.877992 0.007288 -0.157822 -0.987441 -31.669333 0.045790 -0.986378 0.157990 -170.990985 0.000000 0.000000 0.000000 1.000000
-0.993180 -0.116590 -0.000146 -216.892108 0.017443 -0.147348 -0.988931 -29.752763 0.115278 -0.982189 0.148377 -167.476905 0.000000 0.000000 0.000000 1.000000
-0.983129 -0.182914 0.000244 -230.105227 0.026167 -0.141959 -0.989527 -28.154986 0.181033 -0.972826 0.144350 -163.543195 0.000000 0.000000 0.000000 1.000000
-0.970606 -0.240675 0.000138 -241.421092 0.034364 -0.139153 -0.989675 -27.443867 0.238209 -0.960579 0.143333 -159.825933 0.000000 0.000000 0.000000 1.000000
-0.962357 -0.271788 0.000455 -248.106618 0.037256 -0.133577 -0.990338 -26.489635 0.269222 -0.953042 0.138675 -160.690678 0.000000 0.000000 0.000000 1.000000
-0.960829 -0.277142 0.000408 -250.080684 0.037983 -0.133140 -0.990369 -27.138284 0.274527 -0.951560 0.138452 -167.734006 0.000000 0.000000 0.000000 1.000000
-0.964502 -0.264061 0.002923 -250.441800 0.031648 -0.126573 -0.991452 -26.758231 0.262174 -0.956165 0.130437 -176.793892 0.000000 0.000000 0.000000 1.000000
-0.959628 -0.281272 0.000206 -252.700578 0.035998 -0.123544 -0.991686 -27.118332 0.278959 -0.951642 0.128682 -183.016881 0.000000 0.000000 0.000000 1.000000
-0.961055 -0.276356 0.000312 -252.565647 0.032944 -0.115686 -0.992739 -26.462226 0.274386 -0.954067 0.120285 -193.133249 0.000000 0.000000 0.000000 1.000000
-0.960349 -0.278802 0.000249 -254.021332 0.031182 -0.108298 -0.993629 -25.654829 0.277053 -0.954223 0.112698 -202.013943 0.000000 0.000000 0.000000 1.000000
-0.955700 -0.294342 0.000279 -258.563486 0.031199 -0.102242 -0.994270 -25.054021 0.292684 -0.950215 0.106896 -207.525100 0.000000 0.000000 0.000000 1.000000
-0.957249 -0.289264 0.000049 -258.515164 0.030924 -0.102501 -0.994252 -25.804967 0.287607 -0.951746 0.107064 -219.732351 0.000000 0.000000 0.000000 1.000000
-0.966352 -0.257225 0.000167 -251.835186 0.027190 -0.102793 -0.994331 -27.295974 0.255784 -0.960869 0.106328 -238.106840 0.000000 0.000000 0.000000 1.000000
-0.978573 -0.205900 0.000029 -239.257372 0.021448 -0.102074 -0.994546 -29.213324 0.204779 -0.973235 0.104303 -261.013163 0.000000 0.000000 0.000000 1.000000
-0.990016 -0.140954 0.000061 -221.869802 0.014224 -0.100336 -0.994852 -30.390457 0.140235 -0.984919 0.101339 -286.139567 0.000000 0.000000 0.000000 1.000000
-0.996257 -0.086445 0.000449 -206.578868 0.008514 -0.103289 -0.994615 -32.985590 0.086026 -0.990888 0.103638 -307.829332 0.000000 0.000000 0.000000 1.000000
-0.999512 -0.031220 0.000957 -190.053624 0.002530 -0.111479 -0.993764 -37.416206 0.031132 -0.993276 0.111504 -328.763590 0.000000 0.000000 0.000000 1.000000
-0.998519 0.054408 0.000597 -161.166492 -0.007680 -0.130073 -0.991475 -46.772729 -0.053866 -0.990011 0.130298 -353.893516 0.000000 0.000000 0.000000 1.000000
-0.991414 0.130763 0.000095 -133.285491 -0.017515 -0.132076 -0.991085 -50.768291 -0.129584 -0.982577 0.133233 -375.397466 0.000000 0.000000 0.000000 1.000000
-0.982779 0.184785 0.000400 -113.473755 -0.025205 -0.131903 -0.990942 -53.782845 -0.183059 -0.973887 0.134289 -392.407997 0.000000 0.000000 0.000000 1.000000
-0.968860 0.247607 0.000638 -89.107094 -0.035219 -0.135257 -0.990184 -58.944493 -0.245090 -0.959373 0.139765 -409.748631 0.000000 0.000000 0.000000 1.000000
-0.940626 0.339446 -0.000012 -48.235043 -0.048626 -0.134782 -0.989681 -63.230622 -0.335945 -0.930919 0.143286 -428.116415 0.000000 0.000000 0.000000 1.000000
-0.927955 0.372692 -0.000004 -33.636387 -0.050136 -0.124842 -0.990909 -61.120543 -0.369305 -0.919519 0.134533 -441.009592 0.000000 0.000000 0.000000 1.000000
-0.935598 0.353067 0.000124 -45.209522 -0.043970 -0.116169 -0.992256 -58.345089 -0.350318 -0.928358 0.124212 -454.200023 0.000000 0.000000 0.000000 1.000000
-0.926663 0.375892 0.000232 -36.181782 -0.046641 -0.114367 -0.992343 -60.375375 -0.372987 -0.919579 0.123511 -469.483468 0.000000 0.000000 0.000000 1.000000
-0.924706 0.380681 0.000030 -35.231850 -0.050130 -0.121692 -0.991301 -66.217667 -0.377366 -0.916664 0.131613 -482.357850 0.000000 0.000000 0.000000 1.000000
-0.931340 0.364150 -0.000024 -46.080299 -0.047089 -0.120500 -0.991596 -67.170548 -0.361093 -0.923512 0.129373 -495.884352 0.000000 0.000000 0.000000 1.000000
-0.932039 0.362358 -0.000048 -49.061564 -0.046139 -0.118808 -0.991845 -67.942799 -0.359409 -0.924436 0.127453 -509.111164 0.000000 0.000000 0.000000 1.000000
-0.926662 0.375895 0.000217 -43.973288 -0.049656 -0.121842 -0.991307 -72.590483 -0.372600 -0.918617 0.131572 -523.017015 0.000000 0.000000 0.000000 1.000000
-0.921868 0.387504 0.000042 -38.812740 -0.055072 -0.130906 -0.989864 -80.140904 -0.383571 -0.912526 0.142019 -536.569651 0.000000 0.000000 0.000000 1.000000
-0.916641 0.399711 0.000216 -33.261401 -0.054055 -0.123428 -0.990880 -78.598997 -0.396039 -0.908293 0.134745 -551.448893 0.000000 0.000000 0.000000 1.000000
-0.917219 0.398384 -0.000035 -35.244335 -0.053134 -0.122420 -0.991055 -79.401316 -0.394825 -0.909012 0.133454 -564.059963 0.000000 0.000000 0.000000 1.000000
-0.922097 0.386958 0.000136 -44.448652 -0.045159 -0.107264 -0.993204 -71.335539 -0.384314 -0.915837 0.116382 -578.179512 0.000000 0.000000 0.000000 1.000000
-0.923901 0.382631 0.000255 -49.124339 -0.038699 -0.092779 -0.994934 -63.443315 -0.380669 -0.919231 0.100526 -590.974844 0.000000 0.000000 0.000000 1.000000
-0.920462 0.390832 0.000017 -44.881188 -0.037157 -0.087467 -0.995474 -60.989511 -0.389062 -0.916297 0.095032 -603.568923 0.000000 0.000000 0.000000 1.000000
-0.918809 0.394702 0.000102 -43.788418 -0.035000 -0.081218 -0.996082 -57.868573 -0.393147 -0.915213 0.088438 -615.653797 0.000000 0.000000 0.000000 1.000000
-0.927316 0.374280 -0.000064 -58.793545 -0.033540 -0.083268 -0.995963 -59.525664 -0.372774 -0.923570 0.089769 -625.353750 0.000000 0.000000 0.000000 1.000000
-0.945971 0.324251 0.000135 -94.588764 -0.027679 -0.080336 -0.996383 -56.510488 -0.323068 -0.942554 0.084970 -631.850084 0.000000 0.000000 0.000000 1.000000
-0.975854 0.218425 0.000077 -167.350749 -0.017422 -0.077482 -0.996842 -52.747951 -0.217729 -0.972773 0.079416 -631.739487 0.000000 0.000000 0.000000 1.000000
-0.984509 0.175331 0.000015 -197.502086 -0.013940 -0.078190 -0.996841 -53.127395 -0.174776 -0.981400 0.079422 -636.147893 0.000000 0.000000 0.000000 1.000000
-0.991417 0.130735 0.000364 -229.095607 -0.010619 -0.077753 -0.996916 -52.329140 -0.130304 -0.988364 0.078474 -638.356526 0.000000 0.000000 0.000000 1.000000
-0.990092 0.140419 0.000474 -224.758088 -0.012105 -0.081995 -0.996559 -56.170062 -0.139897 -0.986691 0.082882 -652.363480 0.000000 0.000000 0.000000 1.000000
-0.982627 0.185570 0.002685 -199.569208 -0.018932 -0.085837 -0.996129 -61.622273 -0.184621 -0.978875 0.087859 -672.444352 0.000000 0.000000 0.000000 1.000000
-0.976113 0.217264 0.000749 -174.311102 -0.022883 -0.099380 -0.994786 -71.522067 -0.216057 -0.971041 0.101977 -689.325997 0.000000 0.000000 0.000000 1.000000
-0.890064 0.455835 0.000070 7.833160 -0.051870 -0.101128 -0.993520 -83.407044 -0.452874 -0.884301 0.113654 -717.814950 0.000000 0.000000 0.000000 1.000000
-0.660055 0.751218 -0.000237 275.842592 -0.080039 -0.070640 -0.994286 -72.734185 -0.746942 -0.656264 0.106753 -670.135040 0.000000 0.000000 0.000000 1.000000
-0.417535 0.908661 -0.000028 459.278719 -0.093823 -0.043143 -0.994654 -59.651381 -0.903804 -0.415300 0.103267 -568.148833 0.000000 0.000000 0.000000 1.000000
-0.125283 0.992121 -0.000115 612.647163 -0.110972 -0.014129 -0.993723 -46.722642 -0.985895 -0.124484 0.111868 -409.034974 0.000000 0.000000 0.000000 1.000000
0.002496 0.999997 0.000527 661.415837 -0.112319 0.000804 -0.993672 -38.223021 -0.993669 0.002421 0.112320 -334.068806 0.000000 0.000000 0.000000 1.000000
-0.048432 0.998827 0.000053 643.076341 -0.117463 -0.005643 -0.993061 -44.487146 -0.991896 -0.048102 0.117599 -371.825618 0.000000 0.000000 0.000000 1.000000
-0.097319 0.995253 -0.000119 624.714271 -0.118217 -0.011679 -0.992919 -49.277380 -0.988207 -0.096615 0.118792 -405.241807 0.000000 0.000000 0.000000 1.000000
-0.121856 0.992548 -0.000243 609.763274 -0.110623 -0.013825 -0.993766 -48.489973 -0.986364 -0.121069 0.111483 -432.170200 0.000000 0.000000 0.000000 1.000000
-0.150085 0.988673 -0.000545 595.293167 -0.104776 -0.016453 -0.994360 -48.720676 -0.983106 -0.149181 0.106058 -457.360008 0.000000 0.000000 0.000000 1.000000
-0.224674 0.974433 -0.001331 559.872763 -0.094991 -0.023261 -0.995206 -50.005013 -0.969793 -0.223471 0.097788 -506.406366 0.000000 0.000000 0.000000 1.000000
-0.289270 0.957247 -0.000548 518.061557 -0.095446 -0.029412 -0.995000 -55.077994 -0.952477 -0.287771 0.099873 -555.943638 0.000000 0.000000 0.000000 1.000000
-0.387185 0.922002 -0.000618 454.995931 -0.087600 -0.037453 -0.995451 -58.568031 -0.917831 -0.385369 0.095269 -617.061306 0.000000 0.000000 0.000000 1.000000
-0.487122 0.873334 -0.000021 378.294077 -0.086021 -0.048004 -0.995136 -65.922819 -0.869087 -0.484751 0.098509 -675.166206 0.000000 0.000000 0.000000 1.000000
-0.582973 0.812492 -0.000036 295.245035 -0.080676 -0.057930 -0.995056 -70.731464 -0.808476 -0.580088 0.099320 -724.498123 0.000000 0.000000 0.000000 1.000000
-0.643057 0.765819 -0.000069 235.946521 -0.077180 -0.064897 -0.994903 -74.776822 -0.761920 -0.639774 0.100839 -755.737273 0.000000 0.000000 0.000000 1.000000
-0.698121 0.715980 -0.000008 175.812597 -0.072521 -0.070723 -0.994856 -77.575666 -0.712298 -0.694529 0.101297 -781.551877 0.000000 0.000000 0.000000 1.000000
-0.762149 0.647402 0.000026 97.809185 -0.065820 -0.077447 -0.994821 -79.974603 -0.644047 -0.758204 0.101638 -805.856697 0.000000 0.000000 0.000000 1.000000
-0.810359 0.585933 -0.000015 31.451749 -0.062166 -0.086002 -0.994354 -84.867361 -0.582626 -0.805783 0.106118 -821.484217 0.000000 0.000000 0.000000 1.000000
-0.853144 0.521675 -0.000102 -34.975975 -0.057006 -0.093422 -0.993993 -88.562356 -0.518551 -0.848014 0.109441 -831.436755 0.000000 0.000000 0.000000 1.000000
-0.885687 0.464282 0.000132 -93.130245 -0.049461 -0.094071 -0.994336 -85.935196 -0.461640 -0.880677 0.106282 -836.869349 0.000000 0.000000 0.000000 1.000000
-0.918148 0.396237 -0.000012 -158.617890 -0.048106 -0.111501 -0.992599 -98.463070 -0.393306 -0.911353 0.121436 -835.348342 0.000000 0.000000 0.000000 1.000000
-0.942438 0.334381 0.000198 -217.601199 -0.043093 -0.120871 -0.991732 -103.532621 -0.331592 -0.934655 0.128323 -831.562769 0.000000 0.000000 0.000000 1.000000
-0.952833 0.303494 0.000081 -247.687342 -0.031939 -0.100008 -0.994474 -84.183612 -0.301809 -0.947570 0.104984 -837.120210 0.000000 0.000000 0.000000 1.000000
-0.940781 0.339015 0.000117 -219.180592 -0.035343 -0.097737 -0.994584 -85.071211 -0.337168 -0.935690 0.103931 -856.237060 0.000000 0.000000 0.000000 1.000000
-0.916206 0.400708 0.000193 -164.147759 -0.046432 -0.105688 -0.993315 -97.084542 -0.398009 -0.910090 0.115438 -877.346023 0.000000 0.000000 0.000000 1.000000
-0.884959 0.465668 0.000232 -102.915407 -0.051779 -0.097904 -0.993848 -94.791425 -0.462781 -0.879527 0.110753 -896.919563 0.000000 0.000000 0.000000 1.000000
-0.850064 0.526679 0.000046 -41.830303 -0.059314 -0.095647 -0.993647 -98.343880 -0.523328 -0.844666 0.112545 -911.810368 0.000000 0.000000 0.000000 1.000000
-0.809013 0.587790 0.000044 22.854604 -0.069018 -0.094919 -0.993090 -103.573472 -0.583724 -0.803426 0.117359 -921.782849 0.000000 0.000000 0.000000 1.000000
-0.744481 0.667644 0.000054 115.093974 -0.082437 -0.091844 -0.992355 -109.764631 -0.662535 -0.738793 0.123415 -924.526600 0.000000 0.000000 0.000000 1.000000
-0.697588 0.716499 -0.000136 175.311361 -0.086247 -0.084159 -0.992713 -106.300277 -0.711289 -0.692493 0.120504 -925.162638 0.000000 0.000000 0.000000 1.000000
-0.644312 0.764762 -0.000086 238.342148 -0.095185 -0.080305 -0.992215 -109.901479 -0.758816 -0.639288 0.124536 -920.628895 0.000000 0.000000 0.000000 1.000000
-0.572456 0.819936 -0.000403 318.923990 -0.103068 -0.072446 -0.992033 -108.910207 -0.813432 -0.567853 0.125981 -905.265870 0.000000 0.000000 0.000000 1.000000
-0.510704 0.859756 -0.000036 380.287888 -0.107913 -0.064143 -0.992089 -106.281490 -0.852957 -0.506660 0.125537 -890.378255 0.000000 0.000000 0.000000 1.000000
-0.467130 0.884189 0.000049 421.130014 -0.100044 -0.052800 -0.993581 -94.259323 -0.878510 -0.464137 0.113122 -880.821708 0.000000 0.000000 0.000000 1.000000
-0.457223 0.889352 0.000015 427.634465 -0.095255 -0.048955 -0.994248 -89.394302 -0.884236 -0.454595 0.107099 -885.156621 0.000000 0.000000 0.000000 1.000000
-0.446154 0.894956 0.000030 434.672691 -0.100847 -0.050241 -0.993633 -94.479368 -0.889256 -0.443317 0.112669 -887.335018 0.000000 0.000000 0.000000 1.000000
-0.435781 0.900052 -0.000216 441.347441 -0.107977 -0.052518 -0.992765 -100.750446 -0.893552 -0.432605 0.120072 -888.910364 0.000000 0.000000 0.000000 1.000000
-0.432646 0.901564 -0.000056 440.302434 -0.115196 -0.055342 -0.991800 -108.029602 -0.894174 -0.429092 0.127800 -894.244814 0.000000 0.000000 0.000000 1.000000
-0.445654 0.895205 -0.000096 425.088661 -0.108830 -0.054284 -0.992577 -104.094671 -0.888565 -0.442336 0.121617 -906.467794 0.000000 0.000000 0.000000 1.000000
-0.454967 0.890508 0.000022 413.319313 -0.113201 -0.057810 -0.991889 -110.118302 -0.883284 -0.451279 0.127108 -913.554485 0.000000 0.000000 0.000000 1.000000
-0.463142 0.886284 -0.000178 402.670686 -0.120485 -0.063160 -0.990704 -118.470822 -0.878056 -0.458815 0.136037 -919.867297 0.000000 0.000000 0.000000 1.000000
-0.468944 0.883228 -0.000240 393.600460 -0.126262 -0.067307 -0.989711 -126.127501 -0.874156 -0.464089 0.143081 -927.852920 0.000000 0.000000 0.000000 1.000000
-0.467605 0.883937 -0.000332 390.755064 -0.125828 -0.066936 -0.989791 -125.975242 -0.874936 -0.462790 0.142524 -935.278675 0.000000 0.000000 0.000000 1.000000
-0.492461 0.870334 -0.000511 363.581046 -0.134767 -0.076836 -0.987894 -142.404619 -0.859837 -0.486430 0.155131 -950.124507 0.000000 0.000000 0.000000 1.000000
-0.559898 0.828562 0.000002 277.640845 -0.127493 -0.086151 -0.988091 -145.801262 -0.818694 -0.553230 0.153871 -985.789582 0.000000 0.000000 0.000000 1.000000
-0.625452 0.780262 -0.000369 192.253959 -0.122198 -0.098420 -0.987614 -154.173894 -0.770634 -0.617660 0.156904 -1012.827191 0.000000 0.000000 0.000000 1.000000
-0.672385 0.740202 -0.000281 122.954232 -0.114199 -0.104112 -0.987987 -155.349955 -0.731339 -0.664276 0.154534 -1031.738275 0.000000 0.000000 0.000000 1.000000
-0.702742 0.711445 -0.000045 73.293828 -0.116612 -0.115248 -0.986468 -165.792026 -0.701823 -0.693228 0.163952 -1043.034739 0.000000 0.000000 0.000000 1.000000
-0.730218 0.683214 0.000044 26.527034 -0.113123 -0.120842 -0.986205 -169.389512 -0.673784 -0.720150 0.165528 -1053.849055 0.000000 0.000000 0.000000 1.000000
-0.755058 0.655659 -0.000002 -17.002451 -0.101197 -0.116541 -0.988017 -158.925795 -0.647802 -0.746009 0.154346 -1064.309790 0.000000 0.000000 0.000000 1.000000
-0.797608 0.603176 -0.000010 -94.543507 -0.093350 -0.123458 -0.987949 -160.621569 -0.595909 -0.787995 0.154778 -1069.706275 0.000000 0.000000 0.000000 1.000000
-0.837515 0.546415 0.000030 -173.980070 -0.081523 -0.124899 -0.988815 -154.216021 -0.540299 -0.828149 0.149150 -1070.262330 0.000000 0.000000 0.000000 1.000000
-0.873121 0.487504 -0.000023 -252.058791 -0.073244 -0.131228 -0.988643 -154.738731 -0.481970 -0.863203 0.150284 -1064.232416 0.000000 0.000000 0.000000 1.000000
-0.901372 0.433046 0.000162 -323.015416 -0.065341 -0.135635 -0.988602 -153.742444 -0.428088 -0.891108 0.150553 -1056.300696 0.000000 0.000000 0.000000 1.000000
-0.921024 0.389507 0.000526 -380.860052 -0.057159 -0.133820 -0.989356 -148.083304 -0.385290 -0.911250 0.145515 -1048.805226 0.000000 0.000000 0.000000 1.000000
-0.943022 0.332730 -0.000034 -445.857411 -0.049690 -0.140931 -0.988772 -149.680985 -0.328998 -0.932432 0.149434 -1033.776948 0.000000 0.000000 0.000000 1.000000
-0.964648 0.263543 0.000111 -525.841710 -0.036958 -0.134859 -0.990175 -136.194413 -0.260939 -0.955174 0.139832 -1008.915136 0.000000 0.000000 0.000000 1.000000
-0.979752 0.200216 0.000584 -595.525484 -0.031195 -0.149768 -0.988229 -144.709932 -0.197772 -0.968237 0.152981 -979.231893 0.000000 0.000000 0.000000 1.000000
-0.987003 0.160665 0.003471 -648.645747 -0.027360 -0.146718 -0.988800 -138.812418 -0.158356 -0.976043 0.149207 -957.118711 0.000000 0.000000 0.000000 1.000000
-0.993017 0.117967 0.001214 -685.488706 -0.018979 -0.149592 -0.988566 -137.481094 -0.116436 -0.981685 0.150787 -943.082931 0.000000 0.000000 0.000000 1.000000
-0.998032 0.062697 0.000570 -739.553150 -0.010142 -0.152455 -0.988258 -134.829455 -0.061874 -0.986320 0.152791 -913.804895 0.000000 0.000000 0.000000 1.000000
-0.999992 0.001373 0.003730 -807.558055 -0.003890 -0.145664 -0.989327 -122.188963 -0.000815 -0.989333 0.145668 -868.631464 0.000000 0.000000 0.000000 1.000000
-0.997517 -0.070419 0.000314 -864.414902 0.010196 -0.148829 -0.988810 -118.492958 0.069678 -0.986352 0.149177 -825.492046 0.000000 0.000000 0.000000 1.000000
-0.990598 -0.136806 0.000249 -921.714587 0.019492 -0.142940 -0.989539 -107.325023 0.135410 -0.980231 0.144263 -776.919701 0.000000 0.000000 0.000000 1.000000
-0.986099 -0.166028 0.006623 -970.188805 0.017449 -0.143109 -0.989553 -103.216113 0.165241 -0.975682 0.144017 -730.082133 0.000000 0.000000 0.000000 1.000000
-0.994224 -0.102826 0.030734 -1003.431459 -0.015424 -0.146495 -0.989091 -100.949177 0.106206 -0.983853 0.144062 -698.460298 0.000000 0.000000 0.000000 1.000000
-0.966674 -0.255991 0.003087 -1030.263810 0.034235 -0.141209 -0.989388 -94.212784 0.253710 -0.956310 0.145267 -673.910808 0.000000 0.000000 0.000000 1.000000
-0.959530 -0.281607 0.000641 -1044.942640 0.040710 -0.140965 -0.989177 -93.320888 0.278649 -0.949119 0.146724 -666.613605 0.000000 0.000000 0.000000 1.000000
-0.954391 -0.298559 0.000793 -1058.735000 0.043308 -0.141068 -0.989052 -92.705586 0.295402 -0.943908 0.147564 -660.430167 0.000000 0.000000 0.000000 1.000000
-0.948919 -0.315518 0.000399 -1074.608200 0.045320 -0.137549 -0.989458 -89.786281 0.312247 -0.938898 0.144822 -650.442840 0.000000 0.000000 0.000000 1.000000
-0.940816 -0.338917 0.000364 -1093.311100 0.049200 -0.137638 -0.989260 -88.502707 0.335327 -0.930694 0.146167 -635.476443 0.000000 0.000000 0.000000 1.000000
-0.939907 -0.341424 0.002139 -1102.680849 0.046622 -0.134548 -0.989810 -87.497346 0.338232 -0.930229 0.142380 -634.189792 0.000000 0.000000 0.000000 1.000000
-0.925979 -0.377575 0.000082 -1126.350989 0.055642 -0.136675 -0.989052 -85.682940 0.373452 -0.915837 0.147567 -607.676575 0.000000 0.000000 0.000000 1.000000
-0.906168 -0.422918 0.000707 -1158.815828 0.061712 -0.133881 -0.989074 -78.857045 0.418392 -0.896223 0.147418 -561.796162 0.000000 0.000000 0.000000 1.000000
-0.890681 -0.454628 0.000615 -1184.281579 0.069378 -0.137258 -0.988103 -77.208671 0.449303 -0.880042 0.153794 -523.647054 0.000000 0.000000 0.000000 1.000000
-0.879408 -0.476068 0.000666 -1198.959449 0.070951 -0.132446 -0.988648 -73.140709 0.470752 -0.869377 0.150252 -505.978819 0.000000 0.000000 0.000000 1.000000
-0.872257 -0.489048 -0.000433 -1208.034679 0.073777 -0.130712 -0.988671 -72.499388 0.483451 -0.862408 0.150095 -502.338799 0.000000 0.000000 0.000000 1.000000
-0.906138 -0.422835 0.011139 -1195.842131 0.052920 -0.139456 -0.988813 -82.936026 0.419658 -0.895412 0.148742 -545.952386 0.000000 0.000000 0.000000 1.000000
-0.904436 -0.426604 0.002182 -1179.718490 0.064109 -0.140970 -0.987936 -90.654744 0.421765 -0.893385 0.154847 -596.215959 0.000000 0.000000 0.000000 1.000000
-0.917200 -0.398426 0.001023 -1161.270010 0.059144 -0.138691 -0.988568 -96.580976 0.394013 -0.906654 0.150772 -647.549981 0.000000 0.000000 0.000000 1.000000
-0.932515 -0.361128 0.001376 -1137.188819 0.050791 -0.134923 -0.989553 -100.323457 0.357541 -0.922704 0.144160 -704.187360 0.000000 0.000000 0.000000 1.000000
-0.935306 -0.353837 0.000998 -1132.917579 0.046037 -0.124487 -0.991153 -95.446263 0.350831 -0.926985 0.132723 -727.810690 0.000000 0.000000 0.000000 1.000000
-0.935104 -0.354370 0.001723 -1143.037769 0.048658 -0.133210 -0.989893 -103.696058 0.351018 -0.925568 0.141808 -729.565677 0.000000 0.000000 0.000000 1.000000
-0.932821 -0.360340 0.000886 -1148.072609 0.045862 -0.121161 -0.991573 -95.776904 0.357411 -0.924919 0.129547 -740.598825 0.000000 0.000000 0.000000 1.000000
-0.927521 -0.373770 0.001076 -1162.115829 0.044354 -0.112923 -0.992613 -88.640815 0.371131 -0.920622 0.121317 -736.165503 0.000000 0.000000 0.000000 1.000000
-0.922221 -0.386663 0.000754 -1175.464199 0.045720 -0.110981 -0.992770 -87.323556 0.383951 -0.915519 0.120028 -732.129059 0.000000 0.000000 0.000000 1.000000
-0.921640 -0.388045 0.000962 -1181.554829 0.044047 -0.107080 -0.993274 -85.077815 0.385538 -0.915399 0.115782 -738.827864 0.000000 0.000000 0.000000 1.000000
-0.930687 -0.365816 0.000844 -1168.052749 0.041520 -0.107923 -0.993292 -89.305866 0.363453 -0.924409 0.115631 -775.039871 0.000000 0.000000 0.000000 1.000000
-0.947502 -0.319750 0.000910 -1131.265689 0.038127 -0.115807 -0.992540 -102.165287 0.317470 -0.940398 0.121918 -840.682778 0.000000 0.000000 0.000000 1.000000
-0.961517 -0.274745 0.000582 -1091.791620 0.036544 -0.129990 -0.990842 -121.463703 0.272305 -0.952690 0.135028 -903.693086 0.000000 0.000000 0.000000 1.000000
-0.977604 -0.210435 0.002686 -1039.813199 0.025311 -0.130239 -0.991159 -129.805921 0.208924 -0.968894 0.132649 -976.085096 0.000000 0.000000 0.000000 1.000000
-0.986935 -0.161118 0.000608 -983.389178 0.022398 -0.140936 -0.989765 -148.380819 0.159555 -0.976820 0.142703 -1043.644139 0.000000 0.000000 0.000000 1.000000
-0.995436 -0.095430 0.000206 -913.163692 0.013066 -0.138422 -0.990287 -154.783420 0.094532 -0.985765 0.139037 -1117.048370 0.000000 0.000000 0.000000 1.000000
-0.998510 -0.054570 0.000038 -869.512753 0.007162 -0.131739 -0.991259 -153.290035 0.054098 -0.989781 0.131934 -1163.325447 0.000000 0.000000 0.000000 1.000000
-0.998485 -0.055032 0.000353 -873.530994 0.006997 -0.133308 -0.991050 -155.782952 0.054586 -0.989546 0.133491 -1172.283136 0.000000 0.000000 0.000000 1.000000
-0.999408 -0.034390 0.000192 -850.151988 0.004554 -0.137854 -0.990442 -164.614861 0.034088 -0.989855 0.137929 -1199.077310 0.000000 0.000000 0.000000 1.000000
-0.999504 -0.031497 0.000116 -848.909722 0.004662 -0.151596 -0.988432 -182.887946 0.031150 -0.987941 0.151667 -1206.993959 0.000000 0.000000 0.000000 1.000000
-0.997891 -0.064919 -0.000152 -890.064992 0.010841 -0.164321 -0.986347 -195.310790 0.064007 -0.984268 0.164678 -1184.588620 0.000000 0.000000 0.000000 1.000000
-0.993808 -0.111107 0.000483 -947.006108 0.017842 -0.163881 -0.986319 -189.271326 0.109666 -0.980203 0.164849 -1149.934939 0.000000 0.000000 0.000000 1.000000
-0.992806 -0.119732 0.000304 -960.023255 0.017323 -0.146149 -0.989111 -169.667753 0.118472 -0.981990 0.147171 -1153.014186 0.000000 0.000000 0.000000 1.000000
-0.994237 -0.107206 0.000640 -947.868218 0.015835 -0.152758 -0.988137 -180.643082 0.106032 -0.982432 0.153575 -1171.954183 0.000000 0.000000 0.000000 1.000000
-0.994180 -0.107735 0.000239 -946.238225 0.016721 -0.156486 -0.987539 -186.516849 0.106429 -0.981787 0.157376 -1183.441859 0.000000 0.000000 0.000000 1.000000
-0.992820 -0.119614 0.000348 -962.176738 0.018656 -0.157719 -0.987308 -187.924871 0.118151 -0.980213 0.158818 -1181.251858 0.000000 0.000000 0.000000 1.000000
-0.993474 -0.114034 0.002269 -966.313645 0.015750 -0.156862 -0.987495 -189.210193 0.112964 -0.981015 0.157635 -1188.210219 0.000000 0.000000 0.000000 1.000000
-0.991622 -0.129169 0.000652 -976.789602 0.019252 -0.152785 -0.988072 -183.772100 0.127728 -0.979782 0.153991 -1191.011747 0.000000 0.000000 0.000000 1.000000
-0.992981 -0.118193 0.004492 -978.302301 0.013751 -0.153080 -0.988118 -187.733137 0.117476 -0.981120 0.153630 -1200.082903 0.000000 0.000000 0.000000 1.000000
-0.989683 -0.143277 0.000054 -994.766627 0.022163 -0.153460 -0.987906 -186.370750 0.141553 -0.977712 0.155052 -1196.479980 0.000000 0.000000 0.000000 1.000000
-0.987141 -0.159855 0.000224 -1016.956299 0.025467 -0.158648 -0.987007 -191.893818 0.157813 -0.974309 0.160679 -1187.759188 0.000000 0.000000 0.000000 1.000000
-0.989964 -0.141318 -0.000133 -994.723101 0.022630 -0.157598 -0.987244 -195.190464 0.139494 -0.977339 0.159215 -1216.252840 0.000000 0.000000 0.000000 1.000000
-0.991230 -0.132150 0.000473 -985.472545 0.020600 -0.158051 -0.987216 -197.685534 0.130535 -0.978548 0.159387 -1232.208309 0.000000 0.000000 0.000000 1.000000
-0.987987 -0.154539 -0.000088 -1015.566609 0.024129 -0.153699 -0.987823 -190.876907 0.152644 -0.975958 0.155581 -1216.089867 0.000000 0.000000 0.000000 1.000000
-0.987521 -0.157490 0.000146 -1018.668018 0.024331 -0.153482 -0.987852 -190.583504 0.155600 -0.975520 0.155399 -1218.016588 0.000000 0.000000 0.000000 1.000000
-0.989556 -0.144126 0.002505 -1009.747210 0.021374 -0.163894 -0.986246 -205.607468 0.142554 -0.975893 0.165263 -1227.912719 0.000000 0.000000 0.000000 1.000000
-0.992181 -0.124808 0.000740 -981.030811 0.019854 -0.163680 -0.986314 -209.490864 0.123221 -0.978587 0.164878 -1258.267986 0.000000 0.000000 0.000000 1.000000
-0.993623 -0.112751 0.000833 -965.810416 0.017959 -0.165550 -0.986038 -215.125603 0.111315 -0.979735 0.166519 -1278.876267 0.000000 0.000000 0.000000 1.000000
-0.993394 -0.114755 0.000612 -968.233426 0.019128 -0.170840 -0.985113 -223.481307 0.113151 -0.978593 0.171907 -1286.010019 0.000000 0.000000 0.000000 1.000000
-0.992776 -0.119977 0.000937 -977.670928 0.018754 -0.162892 -0.986466 -214.182237 0.118506 -0.979322 0.163965 -1290.954347 0.000000 0.000000 0.000000 1.000000
-0.992963 -0.118421 0.000886 -978.284467 0.017587 -0.154850 -0.987781 -205.625640 0.117111 -0.980815 0.155843 -1304.495066 0.000000 0.000000 0.000000 1.000000
-0.994800 -0.101847 0.000783 -955.693978 0.014787 -0.152039 -0.988264 -206.153208 0.100771 -0.983113 0.152755 -1333.046127 0.000000 0.000000 0.000000 1.000000
-0.999348 -0.030117 0.019916 -944.523091 -0.015241 -0.148199 -0.988840 -211.289074 0.032733 -0.988499 0.147643 -1350.982920 0.000000 0.000000 0.000000 1.000000
-0.995214 -0.097724 0.000283 -950.355783 0.015309 -0.158762 -0.987198 -218.856577 0.096518 -0.982469 0.159498 -1357.609670 0.000000 0.000000 0.000000 1.000000
-0.994686 -0.102957 0.000197 -958.403595 0.016279 -0.159163 -0.987118 -220.610155 0.101662 -0.981869 0.159993 -1361.940119 0.000000 0.000000 0.000000 1.000000
-0.994007 -0.109313 0.000758 -969.435810 0.016132 -0.153539 -0.988011 -212.875790 0.108119 -0.982078 0.154382 -1365.269777 0.000000 0.000000 0.000000 1.000000
-0.993232 -0.116150 0.000330 -978.928845 0.018033 -0.157012 -0.987432 -218.551851 0.114742 -0.980743 0.158044 -1368.126080 0.000000 0.000000 0.000000 1.000000
-0.991876 -0.127208 0.000220 -995.456976 0.020330 -0.160224 -0.986871 -223.250816 0.125573 -0.978849 0.161509 -1365.296539 0.000000 0.000000 0.000000 1.000000
-0.993576 -0.113012 0.005844 -1006.536169 0.011865 -0.155393 -0.987782 -220.096841 0.112539 -0.981367 0.155735 -1367.203723 0.000000 0.000000 0.000000 1.000000
-0.991697 -0.128597 0.000404 -999.891645 0.020950 -0.164663 -0.986127 -231.852044 0.126879 -0.977931 0.165990 -1379.812959 0.000000 0.000000 0.000000 1.000000
-0.993069 -0.117530 -0.000015 -984.257148 0.020065 -0.169412 -0.985341 -241.747364 0.115805 -0.978512 0.170596 -1398.545430 0.000000 0.000000 0.000000 1.000000
-0.992924 -0.118750 -0.000093 -987.158619 0.020829 -0.173391 -0.984633 -248.569356 0.116909 -0.977668 0.174638 -1401.758340 0.000000 0.000000 0.000000 1.000000
-0.992868 -0.119216 -0.000138 -988.242553 0.021082 -0.174439 -0.984442 -250.873107 0.117337 -0.977425 0.175708 -1406.022160 0.000000 0.000000 0.000000 1.000000
-0.990993 -0.133915 0.000212 -1010.718280 0.021851 -0.163264 -0.986340 -233.118601 0.132121 -0.977452 0.164719 -1398.805109 0.000000 0.000000 0.000000 1.000000
-0.990330 -0.138731 0.000523 -1018.669770 0.022273 -0.162712 -0.986422 -232.463376 0.136932 -0.976872 0.164228 -1398.633669 0.000000 0.000000 0.000000 1.000000
-0.990377 -0.138397 0.000044 -1018.018639 0.023208 -0.166393 -0.985786 -238.512207 0.136437 -0.976299 0.168004 -1401.396449 0.000000 0.000000 0.000000 1.000000
-0.991000 -0.133859 0.000326 -1012.231880 0.022145 -0.166345 -0.985819 -239.139423 0.132015 -0.976940 0.167812 -1408.332389 0.000000 0.000000 0.000000 1.000000
-0.991854 -0.127380 0.000125 -1003.110900 0.022453 -0.175793 -0.984171 -254.711045 0.125386 -0.976151 0.177221 -1417.009090 0.000000 0.000000 0.000000 1.000000
-0.990934 -0.134348 -0.000001 -1014.370850 0.024440 -0.180259 -0.983316 -261.585028 0.132106 -0.974401 0.181908 -1415.121240 0.000000 0.000000 0.000000 1.000000
-0.989552 -0.144174 -0.000036 -1029.619290 0.027094 -0.185721 -0.982229 -269.809853 0.141605 -0.971968 0.187687 -1411.612040 0.000000 0.000000 0.000000 1.000000
-0.993113 -0.117160 0.000146 -991.636974 0.023774 -0.202737 -0.978945 -300.791825 0.114722 -0.972199 0.204126 -1442.041169 0.000000 0.000000 0.000000 1.000000
-0.994367 -0.105992 0.000153 -975.587140 0.022845 -0.215729 -0.976186 -324.638459 0.103501 -0.970684 0.216935 -1458.434810 0.000000 0.000000 0.000000 1.000000
-0.994775 -0.102093 0.000142 -970.574596 0.023374 -0.229102 -0.973122 -347.914134 0.099382 -0.968034 0.230291 -1466.789350 0.000000 0.000000 0.000000 1.000000
-0.994392 -0.105760 0.000049 -977.019153 0.024291 -0.228848 -0.973159 -349.609195 0.102933 -0.967700 0.230134 -1473.324340 0.000000 0.000000 0.000000 1.000000
-0.994509 -0.104654 0.000011 -976.336112 0.023668 -0.225020 -0.974067 -346.975213 0.101942 -0.968717 0.226261 -1485.737960 0.000000 0.000000 0.000000 1.000000
-0.994533 -0.104425 0.000016 -976.961880 0.024214 -0.230765 -0.972708 -359.009387 0.101578 -0.967390 0.232032 -1494.750640 0.000000 0.000000 0.000000 1.000000
-0.993928 -0.110029 -0.000066 -986.709550 0.025826 -0.232715 -0.972202 -363.955599 0.106956 -0.966301 0.234143 -1499.009440 0.000000 0.000000 0.000000 1.000000
-0.994914 -0.100728 -0.000078 -973.116073 0.024699 -0.243201 -0.969661 -385.662301 0.097653 -0.964732 0.244452 -1515.925730 0.000000 0.000000 0.000000 1.000000
-0.993603 -0.112933 0.000036 -993.820578 0.027030 -0.238128 -0.970857 -378.363481 0.109650 -0.964646 0.239658 -1518.243040 0.000000 0.000000 0.000000 1.000000
-0.992585 -0.121550 0.000057 -1010.810639 0.027981 -0.228953 -0.973035 -366.907641 0.118285 -0.965819 0.230656 -1525.993948 0.000000 0.000000 0.000000 1.000000
-0.990295 -0.138980 0.000325 -1040.053240 0.029176 -0.210172 -0.977229 -337.518242 0.135884 -0.967736 0.212187 -1528.781229 0.000000 0.000000 0.000000 1.000000
-0.982528 -0.186093 0.002711 -1128.076800 0.033036 -0.188719 -0.981475 -297.855250 0.183157 -0.964238 0.191569 -1487.231260 0.000000 0.000000 0.000000 1.000000
-0.745082 -0.666973 -0.000001 -1752.306440 0.058763 -0.065643 -0.996111 -71.763297 0.664379 -0.742185 0.088102 -739.208474 0.000000 0.000000 0.000000 1.000000
-0.760932 -0.648831 0.000992 -1745.940240 0.048941 -0.058922 -0.997062 -67.387792 0.646983 -0.758648 0.076590 -785.372954 0.000000 0.000000 0.000000 1.000000
-0.993408 -0.114636 -0.000062 -1004.180260 0.017149 -0.148075 -0.988828 -251.787479 0.113346 -0.982310 0.149064 -1625.052370 0.000000 0.000000 0.000000 1.000000
-0.992035 -0.125960 0.000030 -1023.675910 0.020240 -0.159639 -0.986968 -270.801969 0.124323 -0.979106 0.160917 -1621.181760 0.000000 0.000000 0.000000 1.000000
-0.992439 -0.122741 0.000021 -1018.208240 0.018505 -0.149800 -0.988543 -256.677360 0.121338 -0.981068 0.150939 -1637.080450 0.000000 0.000000 0.000000 1.000000
-0.994813 -0.101725 0.000078 -982.929677 0.015104 -0.148471 -0.988801 -258.789089 0.100597 -0.983671 0.149237 -1668.187690 0.000000 0.000000 0.000000 1.000000
