#pragma once
#include <QMatrix4x4>
#include <vector>

// Auto-generated from real_estate.txt
// Each QMatrix4x4 is a world-to-camera (OpenGL style) matrix, column-major.
// Assumes real_estate.txt pose is camera-to-world, row-major, 3x4.
inline std::vector<QMatrix4x4> realEstateCameraExtrinsics() {
    std::vector<QMatrix4x4> cams;
    cams.emplace_back(QMatrix4x4(0.879725460, 0.012359111, -0.475321345, -0.071991384, -0.021116400, 0.999691321, -0.013088699, 0.004438173, 0.475012849, 0.021551536, 0.879714905, 0.077639639, 0.000000000, 0.000000000, 0.000000000, 1.000000000));
    cams.emplace_back(QMatrix4x4(0.868188171, 0.013077376, -0.496062795, -0.076080381, -0.022598897, 0.999657465, -0.013198326, 0.001902151, 0.495720300, 0.022669102, 0.868186298, 0.087782703, 0.000000000, 0.000000000, 0.000000000, 1.000000000));
    cams.emplace_back(QMatrix4x4(0.856723993, 0.013842955, -0.515589382, -0.081122823, -0.024148509, 0.999620067, -0.013287533, -0.000299417, 0.515209532, 0.023834463, 0.856732760, 0.097718731, 0.000000000, 0.000000000, 0.000000000, 1.000000000));
    cams.emplace_back(QMatrix4x4(0.845198989, 0.014188895, -0.534263360, -0.085802153, -0.025239679, 0.999591830, -0.013381874, -0.001524838, 0.533855436, 0.024794982, 0.845212141, 0.108477906, 0.000000000, 0.000000000, 0.000000000, 1.000000000));
    cams.emplace_back(QMatrix4x4(0.833741082, 0.014454914, -0.551966373, -0.091570496, -0.026241596, 0.999564983, -0.013461096, -0.002886278, 0.551531695, 0.025707546, 0.833757727, 0.118961067, 0.000000000, 0.000000000, 0.000000000, 1.000000000));
    cams.emplace_back(QMatrix4x4(0.822149947, 0.014951614, -0.569074615, -0.098052710, -0.027480240, 0.999532005, -0.013439822, -0.004798735, 0.568607361, 0.026687855, 0.822176046, 0.128701344, 0.000000000, 0.000000000, 0.000000000, 1.000000000));
    cams.emplace_back(QMatrix4x4(0.810173162, 0.015443531, -0.585987168, -0.104911469, -0.028843683, 0.999492237, -0.013537306, -0.005714201, 0.585480565, 0.027869591, 0.810207255, 0.138690725, 0.000000000, 0.000000000, 0.000000000, 1.000000000));
    cams.emplace_back(QMatrix4x4(0.797774111, 0.016019481, -0.602743596, -0.111980155, -0.030153508, 0.999456156, -0.013347166, -0.006206412, 0.602201944, 0.028822857, 0.797823304, 0.148534417, 0.000000000, 0.000000000, 0.000000000, 1.000000000));
    cams.emplace_back(QMatrix4x4(0.785047139, 0.016823832, -0.619207487, -0.119463019, -0.031561851, 0.999419079, -0.012860767, -0.006823052, 0.618631381, 0.029639644, 0.785122062, 0.158993393, 0.000000000, 0.000000000, 0.000000000, 1.000000000));
    cams.emplace_back(QMatrix4x4(0.772416989, 0.017549888, -0.634873191, -0.126840755, -0.032979735, 0.999377884, -0.012498775, -0.007347877, 0.634258878, 0.030592216, 0.772515247, 0.169316799, 0.000000000, 0.000000000, 0.000000000, 1.000000000));
    cams.emplace_back(QMatrix4x4(0.759871226, 0.017997511, -0.649824498, -0.134123146, -0.034206385, 0.999338860, -0.012321534, -0.008093784, 0.649173058, 0.031590925, 0.759984433, 0.179782644, 0.000000000, 0.000000000, 0.000000000, 1.000000000));
    cams.emplace_back(QMatrix4x4(0.747563327, 0.018641384, -0.663928875, -0.141735166, -0.035677725, 0.999289903, -0.012114571, -0.008670338, 0.663231575, 0.032743880, 0.747697596, 0.190220743, 0.000000000, 0.000000000, 0.000000000, 1.000000000));
    cams.emplace_back(QMatrix4x4(0.735579621, 0.019351238, -0.677161805, -0.149440497, -0.036904377, 0.999252250, -0.011532457, -0.009510697, 0.676432283, 0.033473273, 0.735743768, 0.200771778, 0.000000000, 0.000000000, 0.000000000, 1.000000000));
    cams.emplace_back(QMatrix4x4(0.723700160, 0.019777942, -0.689831128, -0.157287553, -0.037823475, 0.999223545, -0.011032075, -0.011289677, 0.689077309, 0.034075722, 0.723886304, 0.211239919, 0.000000000, 0.000000000, 0.000000000, 1.000000000));
    cams.emplace_back(QMatrix4x4(0.711831755, 0.019967492, -0.702066146, -0.165063247, -0.038862503, 0.999184174, -0.010985234, -0.013126830, 0.701274021, 0.035103686, 0.712027013, 0.221517965, 0.000000000, 0.000000000, 0.000000000, 1.000000000));
    cams.emplace_back(QMatrix4x4(0.700132210, 0.020138448, -0.713729161, -0.172522813, -0.039735186, 0.999152046, -0.010786321, -0.015704287, 0.712906699, 0.035912009, 0.700338762, 0.231839479, 0.000000000, 0.000000000, 0.000000000, 1.000000000));
    cams.emplace_back(QMatrix4x4(0.688816172, 0.020155562, -0.724655841, -0.180049583, -0.040362460, 0.999129135, -0.010576475, -0.018529508, 0.723811564, 0.036534139, 0.689029801, 0.242104680, 0.000000000, 0.000000000, 0.000000000, 1.000000000));
    cams.emplace_back(QMatrix4x4(0.677784416, 0.019958294, -0.734989740, -0.187216878, -0.040767524, 0.999113869, -0.010464070, -0.022091676, 0.734129601, 0.037056097, 0.677997470, 0.252065956, 0.000000000, 0.000000000, 0.000000000, 1.000000000));
    cams.emplace_back(QMatrix4x4(0.666704425, 0.019675473, -0.745062479, -0.194679543, -0.041027952, 0.999104601, -0.010328881, -0.026005154, 0.744192132, 0.037454698, 0.666914708, 0.261470109, 0.000000000, 0.000000000, 0.000000000, 1.000000000));
    cams.emplace_back(QMatrix4x4(0.655190069, 0.019877812, -0.755202524, -0.201765492, -0.041642345, 0.999084203, -0.009830528, -0.030696733, 0.754315541, 0.037889271, 0.655417815, 0.270794720, 0.000000000, 0.000000000, 0.000000000, 1.000000000));
    cams.emplace_back(QMatrix4x4(0.643517771, 0.020296917, -0.765162027, -0.208730668, -0.042883277, 0.999034315, -0.009565080, -0.035657633, 0.764228961, 0.038967954, 0.643766770, 0.280342311, 0.000000000, 0.000000000, 0.000000000, 1.000000000));
    cams.emplace_back(QMatrix4x4(0.632217558, 0.020477728, -0.774520265, -0.215577647, -0.043869762, 0.998993089, -0.009396946, -0.041211981, 0.773547895, 0.039918931, 0.632479334, 0.289356798, 0.000000000, 0.000000000, 0.000000000, 1.000000000));
    cams.emplace_back(QMatrix4x4(0.621195038, 0.020312048, -0.783392718, -0.222103506, -0.044522552, 0.998964123, -0.009402922, -0.046807751, 0.782390233, 0.040719694, 0.621455878, 0.298446059, 0.000000000, 0.000000000, 0.000000000, 1.000000000));
    cams.emplace_back(QMatrix4x4(0.610644361, 0.020318810, -0.791644230, -0.228749022, -0.045053743, 0.998943020, -0.009113288, -0.052471671, 0.790622326, 0.041231516, 0.610914321, 0.307231843, 0.000000000, 0.000000000, 0.000000000, 1.000000000));
    cams.emplace_back(QMatrix4x4(0.600215929, 0.020361019, -0.799578795, -0.235305682, -0.045577273, 0.998922244, -0.008776034, -0.058530327, 0.798538349, 0.041710134, 0.600497087, 0.315368265, 0.000000000, 0.000000000, 0.000000000, 1.000000000));
    cams.emplace_back(QMatrix4x4(0.589600398, 0.020149817, -0.807443705, -0.241777718, -0.046156056, 0.998895677, -0.008775923, -0.064577616, 0.806375236, 0.042442705, 0.589879318, 0.323303073, 0.000000000, 0.000000000, 0.000000000, 1.000000000));
    cams.emplace_back(QMatrix4x4(0.578517432, 0.019462572, -0.815437782, -0.247993619, -0.046927966, 0.998853527, -0.009453065, -0.070923448, 0.814318935, 0.043735599, 0.578767521, 0.331302404, 0.000000000, 0.000000000, 0.000000000, 1.000000000));
    cams.emplace_back(QMatrix4x4(0.567453748, 0.018262707, -0.823202714, -0.253984571, -0.047762535, 0.998800710, -0.010765546, -0.076198935, 0.822018835, 0.045427202, 0.567645455, 0.339014381, 0.000000000, 0.000000000, 0.000000000, 1.000000000));
    cams.emplace_back(QMatrix4x4(0.556660877, 0.017118528, -0.830563440, -0.259474665, -0.048455194, 0.998754596, -0.011890607, -0.081002541, 0.829325466, 0.046864148, 0.556797089, 0.347100467, 0.000000000, 0.000000000, 0.000000000, 1.000000000));
    cams.emplace_back(QMatrix4x4(0.546645253, 0.016579913, -0.837200133, -0.265060216, -0.049157223, 0.998715071, -0.012318383, -0.085670218, 0.835920209, 0.047888219, 0.546757862, 0.355078161, 0.000000000, 0.000000000, 0.000000000, 1.000000000));
    cams.emplace_back(QMatrix4x4(0.537129024, 0.016043737, -0.843347502, -0.270788938, -0.049546309, 0.998692904, -0.012557095, -0.090632387, 0.842043668, 0.048529536, 0.537221859, 0.363909871, 0.000000000, 0.000000000, 0.000000000, 1.000000000));
    cams.emplace_back(QMatrix4x4(0.527817366, 0.014971969, -0.849225906, -0.276502371, -0.049965555, 0.998660402, -0.013448450, -0.095380493, 0.847886968, 0.049530371, 0.527858389, 0.372895986, 0.000000000, 0.000000000, 0.000000000, 1.000000000));
    cams.emplace_back(QMatrix4x4(0.518208794, 0.013523881, -0.855147232, -0.282751471, -0.050512692, 0.998613516, -0.014817322, -0.100018755, 0.853761173, 0.050874254, 0.518173457, 0.382461428, 0.000000000, 0.000000000, 0.000000000, 1.000000000));
    cams.emplace_back(QMatrix4x4(0.508148742, 0.011641943, -0.861190614, -0.287811130, -0.050807557, 0.998572493, -0.016480059, -0.104799651, 0.859769435, 0.052129312, 0.508014827, 0.391418189, 0.000000000, 0.000000000, 0.000000000, 1.000000000));
    cams.emplace_back(QMatrix4x4(0.497575100, 0.009289054, -0.867371180, -0.293397784, -0.051606083, 0.998488474, -0.018911036, -0.109231972, 0.865884418, 0.054171288, 0.497302376, 0.401552379, 0.000000000, 0.000000000, 0.000000000, 1.000000000));
    cams.emplace_back(QMatrix4x4(0.486624093, 0.006292744, -0.873588786, -0.298435539, -0.052531739, 0.998375306, -0.022070670, -0.113850437, 0.872030615, 0.056631256, 0.486164084, 0.411607176, 0.000000000, 0.000000000, 0.000000000, 1.000000000));
    cams.emplace_back(QMatrix4x4(0.475190369, 0.002511091, -0.879879440, -0.303216249, -0.053325367, 0.998239962, -0.025950179, -0.118526995, 0.878265642, 0.059251169, 0.474487929, 0.421677529, 0.000000000, 0.000000000, 0.000000000, 1.000000000));
    cams.emplace_back(QMatrix4x4(0.463335338, -0.001905118, -0.886180971, -0.307751298, -0.054104635, 0.998071368, -0.030434000, -0.122786790, 0.884529870, 0.062047647, 0.462338661, 0.431641787, 0.000000000, 0.000000000, 0.000000000, 1.000000000));
    cams.emplace_back(QMatrix4x4(0.451155178, -0.006768214, -0.892419830, -0.311844915, -0.054416545, 0.997901994, -0.035078020, -0.126993656, 0.890784937, 0.064388034, 0.449840331, 0.441868126, 0.000000000, 0.000000000, 0.000000000, 1.000000000));
    cams.emplace_back(QMatrix4x4(0.438725300, -0.011844384, -0.898543157, -0.315755069, -0.054827902, 0.997697433, -0.039921842, -0.131263405, 0.896947079, 0.066779961, 0.437065699, 0.451888174, 0.000000000, 0.000000000, 0.000000000, 1.000000000));
    cams.emplace_back(QMatrix4x4(0.425769111, -0.016703132, -0.904677628, -0.319297284, -0.055828128, 0.997439706, -0.044690238, -0.135108441, 0.903107919, 0.069534184, 0.423746523, 0.461605609, 0.000000000, 0.000000000, 0.000000000, 1.000000000));
    cams.emplace_back(QMatrix4x4(0.412638418, -0.021273800, -0.910646476, -0.322716325, -0.056742067, 0.997185400, -0.049006808, -0.138515607, 0.909125914, 0.071894056, 0.410269874, 0.471917510, 0.000000000, 0.000000000, 0.000000000, 1.000000000));
    cams.emplace_back(QMatrix4x4(0.399721957, -0.025433318, -0.916283511, -0.325887949, -0.057338375, 0.996963635, -0.052686203, -0.141394511, 0.914841319, 0.073598036, 0.397049925, 0.481965423, 0.000000000, 0.000000000, 0.000000000, 1.000000000));
    cams.emplace_back(QMatrix4x4(0.387076389, -0.029047656, -0.921590006, -0.329172939, -0.057772077, 0.996775732, -0.055682255, -0.144623131, 0.920235971, 0.074795455, 0.384150202, 0.491717070, 0.000000000, 0.000000000, 0.000000000, 1.000000000));
    cams.emplace_back(QMatrix4x4(0.374324698, -0.032043938, -0.926743889, -0.332675040, -0.058557829, 0.996591220, -0.058111365, -0.147924080, 0.925446919, 0.076020629, 0.371172266, 0.501569211, 0.000000000, 0.000000000, 0.000000000, 1.000000000));
    cams.emplace_back(QMatrix4x4(0.361230012, -0.034723677, -0.931830005, -0.335758298, -0.059572580, 0.996405630, -0.060223723, -0.151324660, 0.930571864, 0.077266138, 0.357863053, 0.510705530, 0.000000000, 0.000000000, 0.000000000, 1.000000000));
    cams.emplace_back(QMatrix4x4(0.347565977, -0.037267206, -0.936914672, -0.338941693, -0.060479883, 0.996238100, -0.062063030, -0.154723257, 0.935703000, 0.078235484, 0.344004539, 0.519955634, 0.000000000, 0.000000000, 0.000000000, 1.000000000));
    cams.emplace_back(QMatrix4x4(0.334025930, -0.039610163, -0.941731242, -0.341759264, -0.061165560, 0.996099792, -0.063591986, -0.157799110, 0.940577166, 0.078842893, 0.330300404, 0.528291643, 0.000000000, 0.000000000, 0.000000000, 1.000000000));
    cams.emplace_back(QMatrix4x4(0.321038251, -0.041184077, -0.946170363, -0.344711393, -0.061930832, 0.996002762, -0.064366440, -0.160318955, 0.945039178, 0.079261208, 0.317204400, 0.536899685, 0.000000000, 0.000000000, 0.000000000, 1.000000000));
    cams.emplace_back(QMatrix4x4(0.309420601, -0.041928694, -0.950000453, -0.348026096, -0.062561866, 0.995965433, -0.064334138, -0.162561164, 0.948865062, 0.079340115, 0.305549096, 0.545115948, 0.000000000, 0.000000000, 0.000000000, 1.000000000));
    cams.emplace_back(QMatrix4x4(0.298886915, -0.042406675, -0.953345837, -0.351548492, -0.062832831, 0.995969813, -0.064001618, -0.165717527, 0.952217743, 0.079030667, 0.295017815, 0.553245485, 0.000000000, 0.000000000, 0.000000000, 1.000000000));
    cams.emplace_back(QMatrix4x4(0.289003551, -0.043043688, -0.956359864, -0.355523467, -0.063186929, 0.995952632, -0.063920208, -0.168592408, 0.955240456, 0.078902609, 0.285114040, 0.561009824, 0.000000000, 0.000000000, 0.000000000, 1.000000000));
    cams.emplace_back(QMatrix4x4(0.279247155, -0.043731985, -0.959222851, -0.359762370, -0.063496191, 0.995934854, -0.063890615, -0.171180680, 0.958117574, 0.078748269, 0.275335164, 0.568054914, 0.000000000, 0.000000000, 0.000000000, 1.000000000));
    cams.emplace_back(QMatrix4x4(0.269732834, -0.044346352, -0.961913493, -0.364232660, -0.063971882, 0.995906871, -0.063852052, -0.173642456, 0.960807915, 0.078758418, 0.265791867, 0.574115634, 0.000000000, 0.000000000, 0.000000000, 1.000000000));
    cams.emplace_back(QMatrix4x4(0.260055941, -0.045007110, -0.964544082, -0.369268865, -0.064227993, 0.995894600, -0.063786828, -0.176169336, 0.963455055, 0.078538873, 0.256097603, 0.580245971, 0.000000000, 0.000000000, 0.000000000, 1.000000000));
    cams.emplace_back(QMatrix4x4(0.250153639, -0.045671775, -0.967128366, -0.374594987, -0.064721839, 0.995863693, -0.063769479, -0.178206026, 0.966040503, 0.078546489, 0.246162968, 0.586908519, 0.000000000, 0.000000000, 0.000000000, 1.000000000));
    cams.emplace_back(QMatrix4x4(0.240692641, -0.046325285, -0.969495242, -0.380510330, -0.065132952, 0.995837897, -0.063754303, -0.180780276, 0.968413513, 0.078491281, 0.236673550, 0.593209743, 0.000000000, 0.000000000, 0.000000000, 1.000000000));
    cams.emplace_back(QMatrix4x4(0.231614634, -0.047106712, -0.971666431, -0.386164755, -0.065302069, 0.995821101, -0.063843688, -0.183250055, 0.970613367, 0.078238960, 0.227570575, 0.598587930, 0.000000000, 0.000000000, 0.000000000, 1.000000000));
    cams.emplace_back(QMatrix4x4(0.222489871, -0.048042845, -0.973750578, -0.392354846, -0.065563405, 0.995786748, -0.064110488, -0.185403004, 0.972727981, 0.078106342, 0.218402618, 0.604329407, 0.000000000, 0.000000000, 0.000000000, 1.000000000));
    cams.emplace_back(QMatrix4x4(0.213601192, -0.049350152, -0.975673647, -0.399249493, -0.065980674, 0.995713998, -0.064808748, -0.187693507, 0.974690240, 0.078218829, 0.209429532, 0.610253751, 0.000000000, 0.000000000, 0.000000000, 1.000000000));
    cams.emplace_back(QMatrix4x4(0.205110254, -0.050883241, -0.977415286, -0.406592400, -0.066502536, 0.995615173, -0.065786237, -0.189989596, 0.976476951, 0.078494029, 0.200827031, 0.616340458, 0.000000000, 0.000000000, 0.000000000, 1.000000000));
    cams.emplace_back(QMatrix4x4(0.197133887, -0.052976339, -0.978944207, -0.413443685, -0.066632463, 0.995505959, -0.067290639, -0.192409172, 0.978109554, 0.078494729, 0.192718022, 0.622009694, 0.000000000, 0.000000000, 0.000000000, 1.000000000));
    cams.emplace_back(QMatrix4x4(0.189248850, -0.055653351, -0.980350752, -0.420946150, -0.066648241, 0.995362063, -0.069371436, -0.195178822, 0.979664678, 0.078467113, 0.184661922, 0.627766371, 0.000000000, 0.000000000, 0.000000000, 1.000000000));
    cams.emplace_back(QMatrix4x4(0.181399213, -0.059009349, -0.981637505, -0.428815454, -0.066562661, 0.995172200, -0.072123236, -0.198286965, 0.981154314, 0.078423507, 0.176595629, 0.634400546, 0.000000000, 0.000000000, 0.000000000, 1.000000000));
    cams.emplace_back(QMatrix4x4(0.174117343, -0.062999993, -0.982707563, -0.436063410, -0.066666840, 0.994907553, -0.075594232, -0.201512113, 0.982465604, 0.078676275, 0.169030647, 0.639794291, 0.000000000, 0.000000000, 0.000000000, 1.000000000));
    cams.emplace_back(QMatrix4x4(0.166954772, -0.067375021, -0.983659847, -0.443499208, -0.066874947, 0.994591142, -0.079474318, -0.205057249, 0.983694003, 0.079050814, 0.161546041, 0.645304502, 0.000000000, 0.000000000, 0.000000000, 1.000000000));
    cams.emplace_back(QMatrix4x4(0.159665651, -0.072175046, -0.984529158, -0.450849027, -0.067045965, 0.994227970, -0.083759216, -0.208725721, 0.984891747, 0.079382177, 0.153905006, 0.650237738, 0.000000000, 0.000000000, 0.000000000, 1.000000000));
    cams.emplace_back(QMatrix4x4(0.152181469, -0.077198286, -0.985333082, -0.458160192, -0.067200320, 0.993829637, -0.088242846, -0.212695598, 0.986065357, 0.079643619, 0.146054696, 0.655513346, 0.000000000, 0.000000000, 0.000000000, 1.000000000));
    cams.emplace_back(QMatrix4x4(0.144226715, -0.082712971, -0.986081723, -0.465187937, -0.067649914, 0.993344915, -0.093216847, -0.216725662, 0.987229533, 0.080152708, 0.137671344, 0.659761012, 0.000000000, 0.000000000, 0.000000000, 1.000000000));
    cams.emplace_back(QMatrix4x4(0.135716057, -0.088576678, -0.986780275, -0.471555024, -0.068071315, 0.992808120, -0.098479896, -0.220515877, 0.988406498, 0.080536738, 0.128710480, 0.664786398, 0.000000000, 0.000000000, 0.000000000, 1.000000000));
    cams.emplace_back(QMatrix4x4(0.127385830, -0.094606425, -0.987330999, -0.477346331, -0.068216398, 0.992247789, -0.103878859, -0.224164768, 0.989504586, 0.080584855, 0.119944595, 0.669663429, 0.000000000, 0.000000000, 0.000000000, 1.000000000));
    cams.emplace_back(QMatrix4x4(0.119305688, -0.100568728, -0.987751041, -0.482985318, -0.068319521, 0.991667091, -0.109219424, -0.227958381, 0.990504221, 0.080513179, 0.111440714, 0.674815774, 0.000000000, 0.000000000, 0.000000000, 1.000000000));
    cams.emplace_back(QMatrix4x4(0.111607152, -0.106939813, -0.987981663, -0.488029987, -0.068150204, 0.991028713, -0.114968202, -0.232163236, 0.991412836, 0.080162422, 0.103317920, 0.680021405, 0.000000000, 0.000000000, 0.000000000, 1.000000000));
    cams.emplace_back(QMatrix4x4(0.104370572, -0.113397068, -0.988052601, -0.492377490, -0.068229760, 0.990321340, -0.120864742, -0.235726654, 0.992195262, 0.080029313, 0.095623353, 0.684850872, 0.000000000, 0.000000000, 0.000000000, 1.000000000));
    cams.emplace_back(QMatrix4x4(0.097191792, -0.119623987, -0.988050548, -0.496369183, -0.068633469, 0.989581662, -0.126560649, -0.239633470, 0.992896363, 0.080113996, 0.087969001, 0.689117015, 0.000000000, 0.000000000, 0.000000000, 1.000000000));
    cams.emplace_back(QMatrix4x4(0.089663797, -0.126091361, -0.987958174, -0.499962717, -0.068914245, 0.988790824, -0.132452056, -0.243510678, 0.993585029, 0.079960543, 0.079969246, 0.693463862, 0.000000000, 0.000000000, 0.000000000, 1.000000000));
    cams.emplace_back(QMatrix4x4(0.082076274, -0.132506460, -0.987778080, -0.503020644, -0.068802413, 0.988004093, -0.138253698, -0.246890380, 0.994248300, 0.079308863, 0.071974932, 0.697550892, 0.000000000, 0.000000000, 0.000000000, 1.000000000));
    cams.emplace_back(QMatrix4x4(0.074066114, -0.138512923, -0.987587148, -0.505650163, -0.068644499, 0.987250243, -0.143613805, -0.250505209, 0.994888003, 0.078429345, 0.063613640, 0.701897800, 0.000000000, 0.000000000, 0.000000000, 1.000000000));
    cams.emplace_back(QMatrix4x4(0.065781894, -0.144239533, -0.987353915, -0.508021176, -0.068629059, 0.986499966, -0.148687159, -0.253820687, 0.995471165, 0.077542089, 0.054994813, 0.705978870, 0.000000000, 0.000000000, 0.000000000, 1.000000000));
    cams.emplace_back(QMatrix4x4(0.057595637, -0.149537127, -0.987077216, -0.510249256, -0.068428408, 0.985801890, -0.153336692, -0.256865144, 0.995992109, 0.076375641, 0.046545300, 0.710970759, 0.000000000, 0.000000000, 0.000000000, 1.000000000));
    cams.emplace_back(QMatrix4x4(0.049583521, -0.154347193, -0.986771727, -0.512805878, -0.068713282, 0.985118883, -0.157541388, -0.259932220, 0.996403509, 0.075615783, 0.038239960, 0.716508508, 0.000000000, 0.000000000, 0.000000000, 1.000000000));
    cams.emplace_back(QMatrix4x4(0.041969629, -0.158898164, -0.986402518, -0.514527500, -0.068890875, 0.984462445, -0.161516834, -0.262446403, 0.996740979, 0.074732933, 0.030370892, 0.721532762, 0.000000000, 0.000000000, 0.000000000, 1.000000000));
    cams.emplace_back(QMatrix4x4(0.034785165, -0.163288053, -0.985965009, -0.516636371, -0.068436050, 0.983857071, -0.165353401, -0.264894783, 0.997048876, 0.073227393, 0.023048842, 0.729057074, 0.000000000, 0.000000000, 0.000000000, 1.000000000));
    cams.emplace_back(QMatrix4x4(0.029070003, -0.167349370, -0.985468989, -0.518886804, -0.068117517, 0.983262140, -0.168983983, -0.267743438, 0.997253681, 0.072040062, 0.017184010, 0.736035645, 0.000000000, 0.000000000, 0.000000000, 1.000000000));
    cams.emplace_back(QMatrix4x4(0.024548503, -0.171295111, -0.984913877, -0.520989418, -0.068249670, 0.982624971, -0.172598126, -0.270541668, 0.997366226, 0.071457076, 0.012431139, 0.742259145, 0.000000000, 0.000000000, 0.000000000, 1.000000000));
    cams.emplace_back(QMatrix4x4(0.020617458, -0.175518263, -0.984260260, -0.523119449, -0.068402590, 0.981915101, -0.176532898, -0.273035943, 0.997444728, 0.070965609, 0.008238688, 0.748420894, 0.000000000, 0.000000000, 0.000000000, 1.000000000));
    cams.emplace_back(QMatrix4x4(0.016559016, -0.179758698, -0.983571358, -0.524421215, -0.068551716, 0.981187358, -0.180477106, -0.276353747, 0.997510127, 0.070414022, 0.003924731, 0.752463400, 0.000000000, 0.000000000, 0.000000000, 1.000000000));
    cams.emplace_back(QMatrix4x4(0.011353623, -0.184350318, -0.982795045, -0.525425137, -0.068799781, 0.980385130, -0.184693076, -0.278931886, 0.997565894, 0.069713022, -0.001552337, 0.757673978, 0.000000000, 0.000000000, 0.000000000, 1.000000000));
    cams.emplace_back(QMatrix4x4(0.005796219, -0.188399266, -0.982075436, -0.526862681, -0.068966245, 0.979678151, -0.188346428, -0.281319648, 0.997602146, 0.068821752, -0.007314762, 0.763523459, 0.000000000, 0.000000000, 0.000000000, 1.000000000));
    cams.emplace_back(QMatrix4x4(0.000783444, -0.191877212, -0.981418647, -0.527869284, -0.068931124, 0.979074187, -0.191473869, -0.283930987, 0.997621108, 0.067800299, -0.012459263, 0.770729363, 0.000000000, 0.000000000, 0.000000000, 1.000000000));
    cams.emplace_back(QMatrix4x4(-0.003226880, -0.195219009, -0.980754356, -0.528988063, -0.069096812, 0.978458899, -0.194534753, -0.286712169, 0.997604752, 0.067139266, -0.016646382, 0.777459025, 0.000000000, 0.000000000, 0.000000000, 1.000000000));
    cams.emplace_back(QMatrix4x4(-0.006224985, -0.198300800, -0.980121449, -0.530198633, -0.068934163, 0.977893895, -0.197412310, -0.289726764, 0.997601772, 0.066334963, -0.019757076, 0.784205079, 0.000000000, 0.000000000, 0.000000000, 1.000000000));
    cams.emplace_back(QMatrix4x4(-0.008978782, -0.201660583, -0.979414338, -0.531372964, -0.068534603, 0.977274743, -0.200591752, -0.292648405, 0.997608305, 0.065322700, -0.022595464, 0.789775133, 0.000000000, 0.000000000, 0.000000000, 1.000000000));
    cams.emplace_back(QMatrix4x4(-0.012786656, -0.205497495, -0.978574117, -0.532285631, -0.068686991, 0.976522922, -0.204169241, -0.295009107, 0.997556298, 0.064604669, -0.026601468, 0.794919192, 0.000000000, 0.000000000, 0.000000000, 1.000000000));
    cams.emplace_back(QMatrix4x4(-0.017066730, -0.209714643, -0.977613658, -0.533346772, -0.069079454, 0.975667030, -0.208091102, -0.297782302, 0.997465138, 0.063981580, -0.031138419, 0.801060021, 0.000000000, 0.000000000, 0.000000000, 1.000000000));
    cams.emplace_back(QMatrix4x4(-0.021076820, -0.214372297, -0.976524601, -0.534243704, -0.069200732, 0.974711862, -0.212480757, -0.299907535, 0.997380084, 0.063097800, -0.035378545, 0.806714058, 0.000000000, 0.000000000, 0.000000000, 1.000000000));
    cams.emplace_back(QMatrix4x4(-0.025282097, -0.219260139, -0.975338816, -0.535284758, -0.068927547, 0.973711075, -0.217107523, -0.301629454, 0.997301245, 0.061738777, -0.039730523, 0.812420249, 0.000000000, 0.000000000, 0.000000000, 1.000000000));
    cams.emplace_back(QMatrix4x4(-0.029285707, -0.224398042, -0.974057412, -0.535524011, -0.068878129, 0.972612132, -0.221994217, -0.302585601, 0.997195158, 0.060589996, -0.043939752, 0.817998349, 0.000000000, 0.000000000, 0.000000000, 1.000000000));
    cams.emplace_back(QMatrix4x4(-0.032798738, -0.229000732, -0.972873553, -0.536067545, -0.069052097, 0.971590471, -0.226370752, -0.302878112, 0.997073718, 0.059754282, -0.047679922, 0.823727012, 0.000000000, 0.000000000, 0.000000000, 1.000000000));
    cams.emplace_back(QMatrix4x4(-0.036198392, -0.232840850, -0.971840964, -0.536398768, -0.069183783, 0.970728953, -0.229997533, -0.302988768, 0.996946969, 0.058910096, -0.051247642, 0.828740418, 0.000000000, 0.000000000, 0.000000000, 1.000000000));
    cams.emplace_back(QMatrix4x4(-0.039574782, -0.236093820, -0.970924056, -0.537005127, -0.069104037, 0.970005446, -0.233053766, -0.303155750, 0.996824178, 0.057871720, -0.054702790, 0.834219754, 0.000000000, 0.000000000, 0.000000000, 1.000000000));
    cams.emplace_back(QMatrix4x4(-0.042658199, -0.239172986, -0.970039441, -0.537680805, -0.069120608, 0.969303406, -0.235951862, -0.303012789, 0.996695826, 0.056984436, -0.057880516, 0.840418756, 0.000000000, 0.000000000, 0.000000000, 1.000000000));
    cams.emplace_back(QMatrix4x4(-0.045140939, -0.241936815, -0.969241400, -0.538188636, -0.069347714, 0.968648747, -0.238559124, -0.303445191, 0.996570724, 0.056445894, -0.060503480, 0.845621824, 0.000000000, 0.000000000, 0.000000000, 1.000000000));
    cams.emplace_back(QMatrix4x4(-0.047297747, -0.244609847, -0.968467344, -0.538644911, -0.069613621, 0.968002246, -0.241092602, -0.303050310, 0.996452126, 0.056015380, -0.062812505, 0.849839210, 0.000000000, 0.000000000, 0.000000000, 1.000000000));
    cams.emplace_back(QMatrix4x4(-0.049519869, -0.246923100, -0.967768958, -0.538944662, -0.069724848, 0.967448403, -0.243273556, -0.302635462, 0.996336405, 0.055430671, -0.065124593, 0.855235576, 0.000000000, 0.000000000, 0.000000000, 1.000000000));
    cams.emplace_back(QMatrix4x4(-0.051425155, -0.248846544, -0.967176749, -0.539453864, -0.069390112, 0.967007918, -0.245113612, -0.302281827, 0.996263237, 0.054507495, -0.066996018, 0.859884142, 0.000000000, 0.000000000, 0.000000000, 1.000000000));
    cams.emplace_back(QMatrix4x4(-0.053026711, -0.250674551, -0.966618023, -0.539873361, -0.069284630, 0.966570744, -0.246861461, -0.301648259, 0.996186652, 0.053881524, -0.068621961, 0.864071965, 0.000000000, 0.000000000, 0.000000000, 1.000000000));
    cams.emplace_back(QMatrix4x4(-0.054535223, -0.252031918, -0.966181059, -0.539888740, -0.069591637, 0.966227465, -0.248115994, -0.300948381, 0.996083781, 0.053707059, -0.070232745, 0.868086696, 0.000000000, 0.000000000, 0.000000000, 1.000000000));
    cams.emplace_back(QMatrix4x4(-0.055890411, -0.252823872, -0.965896651, -0.539938509, -0.069864952, 0.966027808, -0.248815536, -0.300395519, 0.995989505, 0.053575917, -0.071655219, 0.872134566, 0.000000000, 0.000000000, 0.000000000, 1.000000000));
    cams.emplace_back(QMatrix4x4(-0.057064907, -0.253390623, -0.965679417, -0.540402949, -0.069739379, 0.965904579, -0.249328599, -0.299877286, 0.995931720, 0.053117971, -0.072790557, 0.876299321, 0.000000000, 0.000000000, 0.000000000, 1.000000000));
    cams.emplace_back(QMatrix4x4(-0.057998165, -0.253589617, -0.965571627, -0.540596486, -0.069522132, 0.965877527, -0.249494024, -0.299478799, 0.995893016, 0.052658403, -0.073649217, 0.880358994, 0.000000000, 0.000000000, 0.000000000, 1.000000000));
    cams.emplace_back(QMatrix4x4(-0.058629417, -0.253613196, -0.965527272, -0.540704369, -0.069399053, 0.965886521, -0.249493463, -0.299279898, 0.995864632, 0.052379020, -0.074229882, 0.883909463, 0.000000000, 0.000000000, 0.000000000, 1.000000000));
    cams.emplace_back(QMatrix4x4(-0.059164247, -0.254034362, -0.965383913, -0.541223943, -0.069538796, 0.965777545, -0.249876207, -0.298664778, 0.995823238, 0.052347896, -0.074804747, 0.888059318, 0.000000000, 0.000000000, 0.000000000, 1.000000000));
    cams.emplace_back(QMatrix4x4(-0.059464982, -0.254524189, -0.965236419, -0.541302384, -0.069778300, 0.965642136, -0.250332376, -0.298093170, 0.995788595, 0.052466551, -0.075182156, 0.891903043, 0.000000000, 0.000000000, 0.000000000, 1.000000000));
    cams.emplace_back(QMatrix4x4(-0.059570467, -0.254615064, -0.965205934, -0.541161597, -0.069705416, 0.965623845, -0.250423230, -0.297588914, 0.995787386, 0.052362250, -0.075270715, 0.895059765, 0.000000000, 0.000000000, 0.000000000, 1.000000000));
    cams.emplace_back(QMatrix4x4(-0.059755937, -0.254643341, -0.965187046, -0.540983856, -0.069599099, 0.965624621, -0.250449807, -0.297281802, 0.995783730, 0.052210280, -0.075424749, 0.897752345, 0.000000000, 0.000000000, 0.000000000, 1.000000000));
    cams.emplace_back(QMatrix4x4(-0.060329636, -0.254776452, -0.965116213, -0.541155040, -0.069663799, 0.965594442, -0.250547996, -0.296368390, 0.995744595, 0.052118191, -0.076002660, 0.900746346, 0.000000000, 0.000000000, 0.000000000, 1.000000000));
    cams.emplace_back(QMatrix4x4(-0.060881776, -0.254900691, -0.965048725, -0.541374683, -0.069799169, 0.965562587, -0.250633018, -0.295417368, 0.995701516, 0.052100615, -0.076577027, 0.903768956, 0.000000000, 0.000000000, 0.000000000, 1.000000000));
    cams.emplace_back(QMatrix4x4(-0.061080338, -0.254968237, -0.965018336, -0.541591108, -0.069832724, 0.965546010, -0.250687648, -0.294641585, 0.995686973, 0.052077768, -0.076781004, 0.907363415, 0.000000000, 0.000000000, 0.000000000, 1.000000000));
    cams.emplace_back(QMatrix4x4(-0.060703157, -0.255297018, -0.964955206, -0.541713476, -0.069426988, 0.965476579, -0.251067477, -0.294142515, 0.995738412, 0.051753348, -0.076331981, 0.909680962, 0.000000000, 0.000000000, 0.000000000, 1.000000000));
    cams.emplace_back(QMatrix4x4(-0.060640995, -0.255484981, -0.964909371, -0.541622937, -0.069049745, 0.965446351, -0.251287625, -0.293703557, 0.995768469, 0.051388417, -0.076186797, 0.911349118, 0.000000000, 0.000000000, 0.000000000, 1.000000000));
    cams.emplace_back(QMatrix4x4(-0.060958984, -0.255541663, -0.964874316, -0.541594207, -0.069078219, 0.965434405, -0.251325781, -0.293459385, 0.995747085, 0.051331235, -0.076504262, 0.912943661, 0.000000000, 0.000000000, 0.000000000, 1.000000000));
    cams.emplace_back(QMatrix4x4(-0.061577908, -0.255758630, -0.964777530, -0.541851699, -0.069254566, 0.965377059, -0.251497333, -0.292880148, 0.995696725, 0.051328574, -0.077158352, 0.915445983, 0.000000000, 0.000000000, 0.000000000, 1.000000000));
    cams.emplace_back(QMatrix4x4(-0.062377156, -0.256195179, -0.964610361, -0.542392372, -0.069231510, 0.965275070, -0.251894806, -0.291865706, 0.995648591, 0.051068948, -0.077947893, 0.918377995, 0.000000000, 0.000000000, 0.000000000, 1.000000000));
    cams.emplace_back(QMatrix4x4(-0.062986864, -0.256486339, -0.964493360, -0.542496682, -0.069114837, 0.965213133, -0.252164152, -0.290765137, 0.995618312, 0.050777771, -0.078522754, 0.920126081, 0.000000000, 0.000000000, 0.000000000, 1.000000000));
    cams.emplace_back(QMatrix4x4(-0.063982270, -0.256394335, -0.964452309, -0.542370677, -0.069024656, 0.965255008, -0.252028599, -0.289835483, 0.995561099, 0.050445624, -0.079456739, 0.922386051, 0.000000000, 0.000000000, 0.000000000, 1.000000000));
    cams.emplace_back(QMatrix4x4(-0.065208296, -0.256043357, -0.964463411, -0.542637229, -0.069062758, 0.965360876, -0.251612232, -0.288339376, 0.995478906, 0.050201298, -0.080632597, 0.924643875, 0.000000000, 0.000000000, 0.000000000, 1.000000000));
    cams.emplace_back(QMatrix4x4(-0.066587495, -0.255849515, -0.964420623, -0.543585419, -0.069010524, 0.965432128, -0.251353086, -0.286603689, 0.995391222, 0.049818202, -0.081942022, 0.926976383, 0.000000000, 0.000000000, 0.000000000, 1.000000000));
    cams.emplace_back(QMatrix4x4(-0.067583472, -0.255933968, -0.964328907, -0.544360459, -0.068917938, 0.965427641, -0.251395560, -0.285347581, 0.995330474, 0.049469371, -0.082885398, 0.929521620, 0.000000000, 0.000000000, 0.000000000, 1.000000000));
    cams.emplace_back(QMatrix4x4(-0.067767452, -0.256201482, -0.964244991, -0.545203804, -0.068809785, 0.965365627, -0.251663264, -0.283502191, 0.995325489, 0.049294912, -0.083049538, 0.931823492, 0.000000000, 0.000000000, 0.000000000, 1.000000000));
    cams.emplace_back(QMatrix4x4(-0.067246441, -0.256265361, -0.964264507, -0.546455086, -0.068821876, 0.965341611, -0.251752070, -0.280054360, 0.995359979, 0.049433061, -0.082552449, 0.933738948, 0.000000000, 0.000000000, 0.000000000, 1.000000000));
    cams.emplace_back(QMatrix4x4(-0.066550139, -0.256074215, -0.964363535, -0.548447966, -0.068485316, 0.965399154, -0.251623105, -0.277578086, 0.995429962, 0.049299192, -0.081784777, 0.935062050, 0.000000000, 0.000000000, 0.000000000, 1.000000000));
    cams.emplace_back(QMatrix4x4(-0.066271969, -0.256138687, -0.964365588, -0.550102590, -0.068045210, 0.965400470, -0.251737426, -0.275467991, 0.995478743, 0.048937328, -0.081408003, 0.935851812, 0.000000000, 0.000000000, 0.000000000, 1.000000000));
    cams.emplace_back(QMatrix4x4(-0.066726923, -0.256387446, -0.964268141, -0.552131592, -0.067916657, 0.965347656, -0.251974684, -0.273168207, 0.995457095, 0.048676369, -0.081827657, 0.936896264, 0.000000000, 0.000000000, 0.000000000, 1.000000000));
    cams.emplace_back(QMatrix4x4(-0.067567475, -0.256546759, -0.964167228, -0.554631888, -0.068219959, 0.965301908, -0.252067938, -0.271065712, 0.995379640, 0.048743853, -0.082724623, 0.938195884, 0.000000000, 0.000000000, 0.000000000, 1.000000000));
    cams.emplace_back(QMatrix4x4(-0.067822378, -0.256767701, -0.964090517, -0.557452083, -0.068390145, 0.965239075, -0.252262453, -0.269035369, 0.995350638, 0.048825251, -0.083025186, 0.939399958, 0.000000000, 0.000000000, 0.000000000, 1.000000000));
    cams.emplace_back(QMatrix4x4(-0.067629544, -0.256931504, -0.964060371, -0.561017275, -0.068182065, 0.965203925, -0.252453216, -0.266637027, 0.995378071, 0.048658335, -0.082794421, 0.940023780, 0.000000000, 0.000000000, 0.000000000, 1.000000000));
    cams.emplace_back(QMatrix4x4(-0.067518114, -0.256913728, -0.964072946, -0.564309478, -0.067830603, 0.965224254, -0.252470068, -0.264292806, 0.995409634, 0.048347350, -0.082596737, 0.940379977, 0.000000000, 0.000000000, 0.000000000, 1.000000000));
    cams.emplace_back(QMatrix4x4(-0.067772853, -0.256619825, -0.964133371, -0.568160832, -0.067850842, 0.965303445, -0.252161747, -0.261641025, 0.995390908, 0.048327540, -0.082833236, 0.940631330, 0.000000000, 0.000000000, 0.000000000, 1.000000000));
    cams.emplace_back(QMatrix4x4(-0.068342436, -0.256442363, -0.964140355, -0.572811306, -0.068144117, 0.965342784, -0.251931841, -0.258831471, 0.995331958, 0.048482854, -0.083448913, 0.940956712, 0.000000000, 0.000000000, 0.000000000, 1.000000000));
    cams.emplace_back(QMatrix4x4(-0.068943390, -0.256563189, -0.964065413, -0.577828050, -0.068410592, 0.965305916, -0.252001053, -0.256086946, 0.995272229, 0.048578480, -0.084103099, 0.941500485, 0.000000000, 0.000000000, 0.000000000, 1.000000000));
    cams.emplace_back(QMatrix4x4(-0.069050741, -0.256753562, -0.964007031, -0.583218217, -0.068163021, 0.965269535, -0.252207366, -0.252930433, 0.995281781, 0.048294524, -0.084153668, 0.942765057, 0.000000000, 0.000000000, 0.000000000, 1.000000000));
    cams.emplace_back(QMatrix4x4(-0.068351107, -0.256712591, -0.964067827, -0.588710308, -0.067703314, 0.965293602, -0.252238944, -0.250300884, 0.995361424, 0.048029775, -0.083359180, 0.942956210, 0.000000000, 0.000000000, 0.000000000, 1.000000000));
    cams.emplace_back(QMatrix4x4(-0.067707409, -0.256714295, -0.964112763, -0.594669461, -0.067128259, 0.965312716, -0.252319549, -0.247420206, 0.995444392, 0.047635315, -0.082591611, 0.942629517, 0.000000000, 0.000000000, 0.000000000, 1.000000000));
    cams.emplace_back(QMatrix4x4(-0.067688007, -0.256918258, -0.964059810, -0.601074338, -0.067041133, 0.965263225, -0.252531928, -0.244439482, 0.995451561, 0.047538282, -0.082560841, 0.941528141, 0.000000000, 0.000000000, 0.000000000, 1.000000000));
    cams.emplace_back(QMatrix4x4(-0.068275105, -0.256737834, -0.964066466, -0.607511878, -0.067057113, 0.965317025, -0.252321902, -0.241286084, 0.995410406, 0.047420217, -0.083123219, 0.941218436, 0.000000000, 0.000000000, 0.000000000, 1.000000000));
    cams.emplace_back(QMatrix4x4(-0.068890058, -0.256572404, -0.964066756, -0.615148843, -0.067391405, 0.965352039, -0.252098832, -0.238272905, 0.995345420, 0.047602714, -0.083793938, 0.940447510, 0.000000000, 0.000000000, 0.000000000, 1.000000000));
    cams.emplace_back(QMatrix4x4(-0.069177929, -0.256688540, -0.964015262, -0.623490452, -0.067488277, 0.965320642, -0.252193151, -0.234912381, 0.995318944, 0.047613528, -0.084102350, 0.940666735, 0.000000000, 0.000000000, 0.000000000, 1.000000000));
    cams.emplace_back(QMatrix4x4(-0.068827438, -0.256723875, -0.964030939, -0.632673205, -0.067117658, 0.965324703, -0.252276522, -0.231145262, 0.995368249, 0.047339955, -0.083671528, 0.940077305, 0.000000000, 0.000000000, 0.000000000, 1.000000000));
    cams.emplace_back(QMatrix4x4(-0.068124987, -0.256506462, -0.964138706, -0.642778218, -0.066673652, 0.965393951, -0.252129315, -0.227448583, 0.995446431, 0.047106341, -0.082869670, 0.939112722, 0.000000000, 0.000000000, 0.000000000, 1.000000000));
    cams.emplace_back(QMatrix4x4(-0.067482085, -0.256395143, -0.964213539, -0.653365434, -0.066521805, 0.965422250, -0.252060915, -0.223694339, 0.995500385, 0.047131630, -0.082204576, 0.937167525, 0.000000000, 0.000000000, 0.000000000, 1.000000000));
    cams.emplace_back(QMatrix4x4(-0.067266360, -0.256351259, -0.964240256, -0.665058076, -0.066452033, 0.965434357, -0.252032964, -0.219444140, 0.995519653, 0.047122386, -0.081976319, 0.935467303, 0.000000000, 0.000000000, 0.000000000, 1.000000000));
    cams.emplace_back(QMatrix4x4(-0.067180589, -0.256050330, -0.964326176, -0.677472889, -0.066576101, 0.965506035, -0.251725510, -0.214990214, 0.995517160, 0.047290010, -0.081910095, 0.933357119, 0.000000000, 0.000000000, 0.000000000, 1.000000000));
    cams.emplace_back(QMatrix4x4(-0.067118855, -0.255650187, -0.964436637, -0.691164554, -0.066490698, 0.965613698, -0.251334857, -0.210504278, 0.995527010, 0.047256755, -0.081809248, 0.932635844, 0.000000000, 0.000000000, 0.000000000, 1.000000000));
    cams.emplace_back(QMatrix4x4(-0.066891172, -0.255385450, -0.964522595, -0.705182076, -0.066231077, 0.965692152, -0.251101901, -0.205192253, 0.995559666, 0.047084869, -0.081510731, 0.930377602, 0.000000000, 0.000000000, 0.000000000, 1.000000000));
    cams.emplace_back(QMatrix4x4(-0.067052047, -0.254888370, -0.964642940, -0.720321954, -0.066283330, 0.965820904, -0.250592291, -0.200352206, 0.995545371, 0.047137019, -0.081655119, 0.929049253, 0.000000000, 0.000000000, 0.000000000, 1.000000000));
    cams.emplace_back(QMatrix4x4(-0.066949244, -0.254519922, -0.964747351, -0.735877514, -0.066704242, 0.965895248, -0.250193777, -0.195580363, 0.995524142, 0.047602456, -0.081643512, 0.927785813, 0.000000000, 0.000000000, 0.000000000, 1.000000000));
    cams.emplace_back(QMatrix4x4(-0.066490981, -0.254438641, -0.964800436, -0.752150833, -0.066717453, 0.965909964, -0.250133309, -0.191292733, 0.995553994, 0.047737421, -0.081199799, 0.926252246, 0.000000000, 0.000000000, 0.000000000, 1.000000000));
