#pragma once
#include <QMatrix4x4>
#include <vector>

// Auto-generated from real_estate.txt
// Each QMatrix4x4 is a world-to-camera (OpenGL style) matrix, column-major.
// Assumes real_estate.txt pose is camera-to-world, row-major, 3x4.
inline std::vector<QMatrix4x4> realEstateCameraExtrinsics() {
    std::vector<QMatrix4x4> cams;
    cams.emplace_back(QMatrix4x4(0.999997946, 0.000093724, -0.002017855, -0.014803259, -0.000092361, 0.999999773, 0.000675580, -0.000723898, 0.002017918, -0.000675392, 0.999997737, 0.000295560, 0.000000000, 0.000000000, 0.000000000, 1.000000000));
    cams.emplace_back(QMatrix4x4(0.999997377, 0.000144105, -0.002285887, -0.016064942, -0.000142859, 0.999999861, 0.000545312, -0.000530353, 0.002285965, -0.000544984, 0.999997219, 0.000221628, 0.000000000, 0.000000000, 0.000000000, 1.000000000));
    cams.emplace_back(QMatrix4x4(0.999996906, 0.000125995, -0.002473458, -0.017463582, -0.000125244, 0.999999952, 0.000303687, -0.000299888, 0.002473496, -0.000303375, 0.999996889, 0.000067674, 0.000000000, 0.000000000, 0.000000000, 1.000000000));
    cams.emplace_back(QMatrix4x4(0.999996674, 0.000266519, -0.002556044, -0.019287677, -0.000264976, 0.999999803, 0.000603818, -0.000613407, 0.002556204, -0.000603139, 0.999996559, 0.000193917, 0.000000000, 0.000000000, 0.000000000, 1.000000000));
    cams.emplace_back(QMatrix4x4(0.999996131, 0.000292892, -0.002767150, -0.020510206, -0.000291616, 0.999999881, 0.000461515, -0.000366013, 0.002767285, -0.000460706, 0.999996064, 0.000085347, 0.000000000, 0.000000000, 0.000000000, 1.000000000));
    cams.emplace_back(QMatrix4x4(0.999995662, 0.000312301, -0.002921066, -0.021899544, -0.000311321, 0.999999909, 0.000335892, -0.000197858, 0.002921172, -0.000334981, 0.999995706, 0.000004966, 0.000000000, 0.000000000, 0.000000000, 1.000000000));
    cams.emplace_back(QMatrix4x4(0.999994977, 0.000378746, -0.003144334, -0.023205457, -0.000377695, 0.999999864, 0.000334714, -0.000250825, 0.003144460, -0.000333525, 0.999995008, -0.000071528, 0.000000000, 0.000000000, 0.000000000, 1.000000000));
    cams.emplace_back(QMatrix4x4(0.999994565, 0.000409819, -0.003278838, -0.024530642, -0.000408233, 0.999999778, 0.000484378, -0.000400148, 0.003279037, -0.000483037, 0.999994499, -0.000065023, 0.000000000, 0.000000000, 0.000000000, 1.000000000));
    cams.emplace_back(QMatrix4x4(0.999993916, 0.000415920, -0.003462832, -0.025718220, -0.000414677, 0.999999878, 0.000359717, -0.000200068, 0.003462981, -0.000358279, 0.999993959, -0.000169132, 0.000000000, 0.000000000, 0.000000000, 1.000000000));
    cams.emplace_back(QMatrix4x4(0.999993265, 0.000403241, -0.003647883, -0.027023036, -0.000401932, 0.999999828, 0.000359931, -0.000252750, 0.003648029, -0.000358461, 0.999993298, -0.000261179, 0.000000000, 0.000000000, 0.000000000, 1.000000000));
    cams.emplace_back(QMatrix4x4(0.999993298, 0.000462057, -0.003628268, -0.028359249, -0.000460449, 0.999999770, 0.000443977, -0.000359859, 0.003628471, -0.000442303, 0.999993315, -0.000175988, 0.000000000, 0.000000000, 0.000000000, 1.000000000));
    cams.emplace_back(QMatrix4x4(0.999992694, 0.000522476, -0.003782187, -0.029499724, -0.000520442, 0.999999737, 0.000538811, -0.000420315, 0.003782468, -0.000536839, 0.999992677, -0.000232329, 0.000000000, 0.000000000, 0.000000000, 1.000000000));
    cams.emplace_back(QMatrix4x4(0.999991806, 0.000508261, -0.004012733, -0.030494310, -0.000506571, 0.999999803, 0.000422272, -0.000233336, 0.004012947, -0.000420236, 0.999991886, -0.000256182, 0.000000000, 0.000000000, 0.000000000, 1.000000000));
    cams.emplace_back(QMatrix4x4(0.999991616, 0.000542447, -0.004053930, -0.031843606, -0.000540994, 0.999999816, 0.000359229, -0.000151251, 0.004054125, -0.000357033, 0.999991722, -0.000351572, 0.000000000, 0.000000000, 0.000000000, 1.000000000));
    cams.emplace_back(QMatrix4x4(0.999990598, 0.000599278, -0.004289582, -0.032984469, -0.000598690, 0.999999801, 0.000138292, 0.000311014, 0.004289664, -0.000135724, 0.999990819, -0.000492886, 0.000000000, 0.000000000, 0.000000000, 1.000000000));
    cams.emplace_back(QMatrix4x4(0.999989959, 0.000624601, -0.004441177, -0.034315262, -0.000624992, 0.999999781, -0.000086760, 0.000615278, 0.004441122, 0.000089535, 0.999990162, -0.000577171, 0.000000000, 0.000000000, 0.000000000, 1.000000000));
    cams.emplace_back(QMatrix4x4(0.999988861, 0.000621388, -0.004673177, -0.035571874, -0.000622644, 0.999999779, -0.000267388, 0.000926218, 0.004673010, 0.000270295, 0.999989057, -0.000538198, 0.000000000, 0.000000000, 0.000000000, 1.000000000));
    cams.emplace_back(QMatrix4x4(0.999988203, 0.000643066, -0.004815088, -0.037033830, -0.000645512, 0.999999685, -0.000506430, 0.001273637, 0.004814761, 0.000509532, 0.999988300, -0.000778516, 0.000000000, 0.000000000, 0.000000000, 1.000000000));
    cams.emplace_back(QMatrix4x4(0.999987450, 0.000726809, -0.004959720, -0.038157199, -0.000728688, 0.999999685, -0.000376814, 0.001110200, 0.004959445, 0.000380423, 0.999987657, -0.000661132, 0.000000000, 0.000000000, 0.000000000, 1.000000000));
    cams.emplace_back(QMatrix4x4(0.999986034, 0.000650641, -0.005243028, -0.039187170, -0.000653841, 0.999999619, -0.000608423, 0.001416806, 0.005242631, 0.000611844, 0.999986087, -0.000766364, 0.000000000, 0.000000000, 0.000000000, 1.000000000));
    cams.emplace_back(QMatrix4x4(0.999984731, 0.000688476, -0.005487494, -0.040319111, -0.000693362, 0.999999386, -0.000888616, 0.001855933, 0.005486879, 0.000892406, 0.999984536, -0.000845048, 0.000000000, 0.000000000, 0.000000000, 1.000000000));
    cams.emplace_back(QMatrix4x4(0.999983905, 0.000754805, -0.005628348, -0.041905843, -0.000762011, 0.999998918, -0.001278081, 0.002597276, 0.005627377, 0.001282349, 0.999983318, -0.000968783, 0.000000000, 0.000000000, 0.000000000, 1.000000000));
    cams.emplace_back(QMatrix4x4(0.999982729, 0.000757150, -0.005829453, -0.043514337, -0.000766346, 0.999998481, -0.001575431, 0.002984096, 0.005828251, 0.001579871, 0.999981774, -0.001085605, 0.000000000, 0.000000000, 0.000000000, 1.000000000));
    cams.emplace_back(QMatrix4x4(0.999980458, 0.000741467, -0.006203479, -0.044750352, -0.000753255, 0.999997915, -0.001898333, 0.003305382, 0.006202059, 0.001902970, 0.999978953, -0.001270807, 0.000000000, 0.000000000, 0.000000000, 1.000000000));
    cams.emplace_back(QMatrix4x4(0.999979120, 0.000789062, -0.006416999, -0.046453011, -0.000800803, 0.999997986, -0.001827487, 0.003292427, 0.006415544, 0.001832588, 0.999977715, -0.001289306, 0.000000000, 0.000000000, 0.000000000, 1.000000000));
    cams.emplace_back(QMatrix4x4(0.999978090, 0.000817106, -0.006570899, -0.048274789, -0.000830946, 0.999997446, -0.002103813, 0.003670330, 0.006569163, 0.002109227, 0.999976179, -0.001301743, 0.000000000, 0.000000000, 0.000000000, 1.000000000));
    cams.emplace_back(QMatrix4x4(0.999975599, 0.000817196, -0.006936189, -0.049798015, -0.000835617, 0.999996136, -0.002653266, 0.004384749, 0.006933994, 0.002658997, 0.999972446, -0.001545654, 0.000000000, 0.000000000, 0.000000000, 1.000000000));
    cams.emplace_back(QMatrix4x4(0.999973895, 0.000882252, -0.007167527, -0.051623303, -0.000904572, 0.999994746, -0.003111417, 0.005061826, 0.007164744, 0.003117818, 0.999969463, -0.001706368, 0.000000000, 0.000000000, 0.000000000, 1.000000000));
    cams.emplace_back(QMatrix4x4(0.999970970, 0.000905148, -0.007565505, -0.052824702, -0.000928049, 0.999995001, -0.003024003, 0.005166290, 0.007562730, 0.003030936, 0.999966817, -0.001678551, 0.000000000, 0.000000000, 0.000000000, 1.000000000));
    cams.emplace_back(QMatrix4x4(0.999969951, 0.000903570, -0.007698890, -0.054496710, -0.000926360, 0.999995225, -0.002957161, 0.004763400, 0.007696181, 0.002964204, 0.999966015, -0.001644824, 0.000000000, 0.000000000, 0.000000000, 1.000000000));
    cams.emplace_back(QMatrix4x4(0.999968071, 0.000946104, -0.007932280, -0.056145434, -0.000973986, 0.999993334, -0.003511907, 0.005661327, 0.007928904, 0.003519521, 0.999962355, -0.001798317, 0.000000000, 0.000000000, 0.000000000, 1.000000000));
    cams.emplace_back(QMatrix4x4(0.999965515, 0.000928875, -0.008250605, -0.057593833, -0.000960989, 0.999991996, -0.003889362, 0.006236894, 0.008246925, 0.003897157, 0.999958403, -0.001918457, 0.000000000, 0.000000000, 0.000000000, 1.000000000));
    cams.emplace_back(QMatrix4x4(0.999962574, 0.000977112, -0.008593109, -0.059029110, -0.001011897, 0.999991320, -0.004044551, 0.006506242, 0.008589082, 0.004053094, 0.999954919, -0.002088449, 0.000000000, 0.000000000, 0.000000000, 1.000000000));
    cams.emplace_back(QMatrix4x4(0.999960498, 0.001007609, -0.008828531, -0.060862619, -0.001046830, 0.999989570, -0.004439012, 0.007106140, 0.008823966, 0.004448079, 0.999951166, -0.002335630, 0.000000000, 0.000000000, 0.000000000, 1.000000000));
    cams.emplace_back(QMatrix4x4(0.999959606, 0.001089423, -0.008922867, -0.062953747, -0.001128141, 0.999989946, -0.004335327, 0.007025465, 0.008918055, 0.004345218, 0.999950818, -0.002317645, 0.000000000, 0.000000000, 0.000000000, 1.000000000));
    cams.emplace_back(QMatrix4x4(0.999957079, 0.001043776, -0.009205677, -0.064639971, -0.001086095, 0.999988869, -0.004593219, 0.007338928, 0.009200780, 0.004603020, 0.999947084, -0.002427881, 0.000000000, 0.000000000, 0.000000000, 1.000000000));
    cams.emplace_back(QMatrix4x4(0.999953718, 0.001081594, -0.009561535, -0.066246591, -0.001125305, 0.999988959, -0.004567333, 0.007279321, 0.009556489, 0.004577881, 0.999943861, -0.002440670, 0.000000000, 0.000000000, 0.000000000, 1.000000000));
    cams.emplace_back(QMatrix4x4(0.999952114, 0.001040409, -0.009732581, -0.068247751, -0.001087459, 0.999987767, -0.004830088, 0.007627664, 0.009727435, 0.004840439, 0.999940953, -0.002563977, 0.000000000, 0.000000000, 0.000000000, 1.000000000));
    cams.emplace_back(QMatrix4x4(0.999948658, 0.001181771, -0.010065882, -0.070206150, -0.001228478, 0.999988508, -0.004635354, 0.007491457, 0.010060288, 0.004647483, 0.999938581, -0.002572595, 0.000000000, 0.000000000, 0.000000000, 1.000000000));
    cams.emplace_back(QMatrix4x4(0.999946224, 0.001165192, -0.010307201, -0.072325990, -0.001213375, 0.999988344, -0.004669700, 0.007565614, 0.010301640, 0.004681954, 0.999935966, -0.002651129, 0.000000000, 0.000000000, 0.000000000, 1.000000000));
    cams.emplace_back(QMatrix4x4(0.999941770, 0.001139221, -0.010731377, -0.074246593, -0.001191883, 0.999987303, -0.004902189, 0.007851059, 0.010725656, 0.004914695, 0.999930419, -0.002850313, 0.000000000, 0.000000000, 0.000000000, 1.000000000));
    cams.emplace_back(QMatrix4x4(0.999939184, 0.001154500, -0.010969753, -0.076642759, -0.001208855, 0.999987032, -0.004949783, 0.007927657, 0.010963896, 0.004962743, 0.999927579, -0.002880372, 0.000000000, 0.000000000, 0.000000000, 1.000000000));
    cams.emplace_back(QMatrix4x4(0.999936093, 0.001367292, -0.011224518, -0.079069108, -0.001423401, 0.999986523, -0.004992200, 0.008172924, 0.011217542, 0.005007859, 0.999924541, -0.003059100, 0.000000000, 0.000000000, 0.000000000, 1.000000000));
    cams.emplace_back(QMatrix4x4(0.999933388, 0.001338455, -0.011462748, -0.081451870, -0.001394255, 0.999987238, -0.004861356, 0.007940733, 0.011456095, 0.004877014, 0.999922513, -0.003131180, 0.000000000, 0.000000000, 0.000000000, 1.000000000));
    cams.emplace_back(QMatrix4x4(0.999928894, 0.001479625, -0.011833001, -0.083564967, -0.001540000, 0.999985856, -0.005094885, 0.008018935, 0.011825295, 0.005112747, 0.999916985, -0.003179543, 0.000000000, 0.000000000, 0.000000000, 1.000000000));
    cams.emplace_back(QMatrix4x4(0.999925757, 0.001523360, -0.012090666, -0.085760430, -0.001583272, 0.999986488, -0.004947304, 0.008228775, 0.012082967, 0.004966078, 0.999914687, -0.003323367, 0.000000000, 0.000000000, 0.000000000, 1.000000000));
    cams.emplace_back(QMatrix4x4(0.999922210, 0.001418854, -0.012391729, -0.087968170, -0.001480268, 0.999986674, -0.004948258, 0.008172440, 0.012384543, 0.004966216, 0.999911001, -0.003459217, 0.000000000, 0.000000000, 0.000000000, 1.000000000));
    cams.emplace_back(QMatrix4x4(0.999917046, 0.001397600, -0.012802480, -0.090142816, -0.001463716, 0.999985633, -0.005156508, 0.008343777, 0.012795089, 0.005174820, 0.999904746, -0.003577219, 0.000000000, 0.000000000, 0.000000000, 1.000000000));
    return cams;
}
