-0.25496799 -0.96386054 0.07722817 6472.76834174 -0.74972780 0.24749755 0.61372077 -2239.63743402 0.61065502 -0.09857904 0.78573699 5406.22779540 0.00000000 0.00000000 0.00000000 1.00000000
-0.19722483 -0.97977995 0.03366923 6620.68476719 -0.76692236 0.17558891 0.61725087 -1736.86653891 0.61068197 -0.09591551 0.78604564 5405.93339341 0.00000000 0.00000000 0.00000000 1.00000000
-0.13689021 -0.99052441 -0.01106611 6731.61678226 -0.77984449 0.10087234 0.61779231 -1212.46824688 0.61082210 -0.09319957 0.78626344 5406.23905876 0.00000000 0.00000000 0.00000000 1.00000000
-0.07777703 -0.99558828 -0.05248524 6799.75450863 -0.78786351 0.02911927 0.61516108 -699.20393586 0.61091883 -0.08919661 0.78665250 5406.24403701 0.00000000 0.00000000 0.00000000 1.00000000
-0.02015326 -0.99530273 -0.09469065 6828.11768810 -0.79139466 -0.04199625 0.60986130 -198.40487297 0.61097327 -0.08722836 0.78683091 5406.54912499 0.00000000 0.00000000 0.00000000 1.00000000
0.03596290 -0.99016993 -0.13516722 6820.54460129 -0.79067348 -0.11091046 0.60210822 288.93212025 0.61118092 -0.08521957 0.78688977 5406.55374564 0.00000000 0.00000000 0.00000000 1.00000000
0.09819477 -0.97915779 -0.17778585 6772.06680151 -0.78528712 -0.18597680 0.59053939 827.98232231 0.61129529 -0.08162506 0.78718195 5406.55798366 0.00000000 0.00000000 0.00000000 1.00000000
0.15827475 -0.96240420 -0.22074250 6684.11121562 -0.77541855 -0.25955479 0.57563651 1348.68269186 0.61128977 -0.08005910 0.78734704 5405.66150878 0.00000000 0.00000000 0.00000000 1.00000000
0.21549233 -0.94072175 -0.26192679 6560.15599942 -0.76132581 -0.32982180 0.55821196 1845.48526787 0.61151130 -0.07912123 0.78726982 5405.66523987 0.00000000 0.00000000 0.00000000 1.00000000
0.27032547 -0.91502900 -0.29940953 6404.12534742 -0.74365516 -0.39596403 0.53869239 2319.83738681 0.61147456 -0.07703517 0.78750520 5405.06822092 0.00000000 0.00000000 0.00000000 1.00000000
0.32202488 -0.88487161 -0.33660394 6220.49512141 -0.72260383 -0.45944210 0.51648491 2768.07960449 0.61167286 -0.07691031 0.78736340 5404.47036271 0.00000000 0.00000000 0.00000000 1.00000000
0.37475455 -0.84867390 -0.37324473 6007.53038833 -0.69693072 -0.52337061 0.49027622 3198.20742001 0.61142996 -0.07639247 0.78760244 5404.47242210 0.00000000 0.00000000 0.00000000 1.00000000
0.42701127 -0.80691206 -0.40811065 5740.86012832 -0.66623823 -0.58590383 0.46134946 3649.73666831 0.61138203 -0.07489750 0.78778320 5404.47453304 0.00000000 0.00000000 0.00000000 1.00000000
0.47581150 -0.76161823 -0.43993306 5445.14407728 -0.63225965 -0.64388597 0.43088118 4073.38585037 0.61143368 -0.07313370 0.78790882 5404.17619600 0.00000000 0.00000000 0.00000000 1.00000000
0.52141299 -0.71271345 -0.46922067 5122.57288116 -0.59517754 -0.69780511 0.39853697 4469.38185075 0.61146724 -0.07146725 0.78803569 5404.77703420 0.00000000 0.00000000 0.00000000 1.00000000
0.56366951 -0.66144435 -0.49474039 4776.15705386 -0.55515434 -0.74687469 0.36603534 4834.28636633 0.61162108 -0.06833431 0.78819419 5405.37850865 0.00000000 0.00000000 0.00000000 1.00000000
0.60259373 -0.60646140 -0.51873440 4406.16742456 -0.51257477 -0.79232708 0.33088504 5170.98846146 0.61167631 -0.06650092 0.78830814 5405.07955686 0.00000000 0.00000000 0.00000000 1.00000000
0.63813878 -0.54741843 -0.54139816 4015.52191193 -0.46756765 -0.83420718 0.29236770 5477.60474177 0.61168570 -0.06656910 0.78829510 5404.18035140 0.00000000 0.00000000 0.00000000 1.00000000
0.67043241 -0.48686159 -0.55989836 3600.20712352 -0.41979565 -0.87111593 0.25481102 5757.24686652 0.61179408 -0.06420933 0.78840673 5404.48090242 0.00000000 0.00000000 0.00000000 1.00000000
0.69904831 -0.42232222 -0.57704021 3169.70447546 -0.37013593 -0.90415126 0.21333048 6003.25794517 0.61182583 -0.06445501 0.78836204 5404.48154575 0.00000000 0.00000000 0.00000000 1.00000000
0.72388745 -0.35747780 -0.59008185 2723.73663901 -0.31876243 -0.93182622 0.17346588 6217.63926309 0.61186394 -0.06252615 0.78848780 5404.78127644 0.00000000 0.00000000 0.00000000 1.00000000
0.74480323 -0.29122233 -0.60038130 2266.67615712 -0.26609784 -0.95472740 0.13299449 6397.95044475 0.61193144 -0.06070544 0.78857768 5404.48095905 0.00000000 0.00000000 0.00000000 1.00000000
0.76208246 -0.22136538 -0.60846338 1790.67851469 -0.21123975 -0.97332491 0.08953427 6546.30219875 0.61205236 -0.06029916 0.78851501 5404.48114224 0.00000000 0.00000000 0.00000000 1.00000000
0.77538329 -0.15156827 -0.61303165 1304.67371295 -0.15511547 -0.98674070 0.04777018 6659.92251615 0.61214372 -0.05805049 0.78861283 5404.48091564 0.00000000 0.00000000 0.00000000 1.00000000
0.78454877 -0.07956801 -0.61494078 807.83604740 -0.09776758 -0.99520109 0.00403737 6739.36810805 0.61231098 -0.05695376 0.78856296 5404.47937168 0.00000000 0.00000000 0.00000000 1.00000000
0.78976250 -0.00726784 -0.61336969 300.06905361 -0.03910985 -0.99849195 -0.03852589 6783.75243411 0.61216470 -0.05441510 0.78885574 5404.47621395 0.00000000 0.00000000 0.00000000 1.00000000
0.79037040 0.06760123 -0.60888809 -214.16622392 0.02034444 -0.99624129 -0.08419855 6789.85710640 0.61229138 -0.05416055 0.78877493 5404.47315782 0.00000000 0.00000000 0.00000000 1.00000000
0.78656038 0.14137812 -0.60111146 -734.60299994 0.08043324 -0.98860197 -0.12726605 6756.12930300 0.61225261 -0.05175309 0.78896664 5405.07043225 0.00000000 0.00000000 0.00000000 1.00000000
0.77798654 0.21483512 -0.59040903 -1255.50511444 0.14062736 -0.97542340 -0.16962649 6682.23553409 0.61234051 -0.04893946 0.78907796 5405.66736808 0.00000000 0.00000000 0.00000000 1.00000000
0.76618722 0.28116870 -0.57784194 -1727.28456664 0.19511170 -0.95853625 -0.20770093 6579.71304871 0.61228145 -0.04639408 0.78927753 5405.06412484 0.00000000 0.00000000 0.00000000 1.00000000
0.75017873 0.34874446 -0.56179104 -2199.08336625 0.24959197 -0.93610349 -0.24781870 6441.90556564 0.61231995 -0.04568978 0.78928875 5405.06022081 0.00000000 0.00000000 0.00000000 1.00000000
0.72979193 0.41425370 -0.54387279 -2669.81388671 0.30388319 -0.90916786 -0.28472586 6266.36990512 0.61242040 -0.04251683 0.78938810 5405.65622015 0.00000000 0.00000000 0.00000000 1.00000000
0.70498314 0.48116682 -0.52103481 -3137.47677851 0.35777564 -0.87560464 -0.32451980 6051.10591460 0.61236866 -0.04236743 0.78943627 5406.25212030 0.00000000 0.00000000 0.00000000 1.00000000
0.67535333 0.54563647 -0.49616401 -3598.43138726 0.41098347 -0.83706824 -0.36112235 5794.66765343 0.61236465 -0.03996997 0.78956439 5406.24792980 0.00000000 0.00000000 0.00000000 1.00000000
0.64050990 0.60983405 -0.46674350 -4052.13830396 0.46337335 -0.79157487 -0.39836462 5493.72360407 0.61239874 -0.03887998 0.78959239 5406.54334158 0.00000000 0.00000000 0.00000000 1.00000000
0.60593566 0.66350043 -0.43887259 -4437.03623401 0.50775486 -0.74726425 -0.42869702 5194.76710771 0.61239446 -0.03692312 0.78968963 5406.83882858 0.00000000 0.00000000 0.00000000 1.00000000
0.56722321 0.71445352 -0.40965107 -4809.57858594 0.55065434 -0.69888884 -0.45643640 4860.17777435 0.61240315 -0.03332518 0.78984290 5407.83371772 0.00000000 0.00000000 0.00000000 1.00000000
0.52459923 0.76311726 -0.37742244 -5164.11290769 0.59147887 -0.64555349 -0.48312880 4491.83744495 0.61233030 -0.03021160 0.79002460 5408.12778873 0.00000000 0.00000000 0.00000000 1.00000000
0.47680877 0.80925758 -0.34315531 -5506.30080299 0.63084592 -0.58689964 -0.50752561 4079.42114303 0.61211667 -0.02551454 0.79035574 5407.81992979 0.00000000 0.00000000 0.00000000 1.00000000
0.42462628 0.85304301 -0.30333176 -5824.19795236 0.66719562 -0.52130920 -0.53205895 3627.14029459 0.61199880 -0.02354459 0.79050814 5408.41205048 0.00000000 0.00000000 0.00000000 1.00000000
0.37583605 0.88672289 -0.26920211 -6075.16758343 0.69597833 -0.46189953 -0.54978449 3205.58306840 0.61185082 -0.01926999 0.79073841 5408.70477206 0.00000000 0.00000000 0.00000000 1.00000000
0.32367802 0.91734832 -0.23174253 -6301.73953628 0.72179756 -0.39776158 -0.56638679 2754.92437483 0.61175225 -0.01605576 0.79088646 5409.59647799 0.00000000 0.00000000 0.00000000 1.00000000
0.26710455 0.94427753 -0.19234113 -6502.73288087 0.74467308 -0.32893559 -0.58074382 2265.27878264 0.61165118 -0.01188805 0.79103825 5410.18830767 0.00000000 0.00000000 0.00000000 1.00000000
0.20707598 0.96700481 -0.14839553 -6670.47818472 0.76377394 -0.25458135 -0.59315908 1744.07845932 0.61136642 -0.00948836 0.79129076 5409.87964914 0.00000000 0.00000000 0.00000000 1.00000000
0.14340300 0.98436457 -0.10228375 -6800.50221807 0.77839604 -0.17601191 -0.60259391 1192.42911467 0.61117525 -0.00679650 0.79146612 5409.86992050 0.00000000 0.00000000 0.00000000 1.00000000
0.08690802 0.99450698 -0.05833401 -6876.12710887 0.78683664 -0.10443836 -0.60826042 701.70025605 0.61101154 -0.00696338 0.79159106 5409.56204833 0.00000000 0.00000000 0.00000000 1.00000000
0.02891874 0.99950548 -0.01234936 -6916.10153698 0.79124416 -0.03043912 -0.61074228 196.95451221 0.61081616 -0.00789054 0.79173314 5409.55455979 0.00000000 0.00000000 0.00000000 1.00000000
-0.03218903 0.99898152 0.03161954 -6918.23840693 0.79127682 0.04479813 -0.60981482 -333.46916948 0.61061023 -0.00539046 0.79191293 5409.24655479 0.00000000 0.00000000 0.00000000 1.00000000
-0.09504773 0.99197603 0.08336353 -6877.05133926 0.78628705 0.12616896 -0.60484219 -880.58097743 0.61050684 -0.00805879 0.79196998 5409.83880638 0.00000000 0.00000000 0.00000000 1.00000000
-0.15922000 0.97838924 0.13192229 -6789.33229351 0.77618272 0.20663371 -0.59568691 -1436.61017062 0.61007326 -0.00755054 0.79230904 5410.73133963 0.00000000 0.00000000 0.00000000 1.00000000
-0.22391051 0.95736598 0.18252247 -6651.60370048 0.76013605 0.28875537 -0.58207690 -2000.22545775 0.60996497 -0.00840878 0.79238376 5411.62393936 0.00000000 0.00000000 0.00000000 1.00000000
-0.28880317 0.92790057 0.23578222 -6460.38392327 0.73797825 0.37264969 -0.56260138 -2566.65206028 0.60990231 -0.01152109 0.79239285 5411.61680420 0.00000000 0.00000000 0.00000000 1.00000000
-0.34061208 0.89792347 0.27877742 -6266.50529025 0.71566874 0.43990501 -0.54249593 -3017.48659664 0.60975542 -0.01473161 0.79245272 5411.61200009 0.00000000 0.00000000 0.00000000 1.00000000
-0.39161952 0.86248338 0.32055667 -6035.27744513 0.68902385 0.50577950 -0.51906958 -3462.23501221 0.60981988 -0.01759341 0.79234474 5412.50806328 0.00000000 0.00000000 0.00000000 1.00000000
-0.44144133 0.82154422 0.36082495 -5766.32616726 0.65816380 0.56978517 -0.49210291 -3896.67457168 0.60987700 -0.02024736 0.79223739 5412.80514062 0.00000000 0.00000000 0.00000000 1.00000000
-0.48968060 0.77346884 0.40244113 -5459.64496972 0.62289381 0.63330959 -0.45926274 -4316.91574449 0.61009524 -0.02578603 0.79190838 5412.80322735 0.00000000 0.00000000 0.00000000 1.00000000
-0.53495883 0.72088400 0.44061924 -5122.98226823 0.58438701 0.69235865 -0.42323908 -4712.17954460 0.61017282 -0.03107668 0.79165862 5412.20149123 0.00000000 0.00000000 0.00000000 1.00000000
-0.57914534 0.66111749 0.47698463 -4741.83090428 0.54068214 0.74939164 -0.38219759 -5094.79617200 0.61012580 -0.03654911 0.79146110 5412.20076847 0.00000000 0.00000000 0.00000000 1.00000000
-0.61925788 0.59639762 0.51071475 -4334.06812275 0.49388998 0.80151121 -0.33712383 -5444.20940009 0.61040344 -0.04347031 0.79089694 5412.20090528 0.00000000 0.00000000 0.00000000 1.00000000
-0.65656396 0.52598122 0.54061772 -3888.56157198 0.44300672 0.84900101 -0.28799711 -5767.85991109 0.61046606 -0.05040876 0.79043668 5412.20232053 0.00000000 0.00000000 0.00000000 1.00000000
-0.68963985 0.45161476 0.56607507 -3419.73045177 0.38916413 0.89036548 -0.23622151 -6053.85618549 0.61069482 -0.05738835 0.78978378 5412.50467967 0.00000000 0.00000000 0.00000000 1.00000000
-0.71855158 0.37289378 0.58705524 -2924.10959955 0.33239859 0.92559291 -0.18107718 -6304.19387926 0.61089672 -0.06502305 0.78903561 5412.50753630 0.00000000 0.00000000 0.00000000 1.00000000
-0.74247486 0.29397870 0.60191994 -2418.59003086 0.27438583 0.95318581 -0.12707960 -6510.64777117 0.61110024 -0.07080489 0.78838009 5412.51091955 0.00000000 0.00000000 0.00000000 1.00000000
-0.76181021 0.21144573 0.61232010 -1895.41907747 0.21423089 0.97427847 -0.06990419 -6677.54797476 0.61135123 -0.07792415 0.78751349 5412.21451309 0.00000000 0.00000000 0.00000000 1.00000000
-0.77628063 0.12828001 0.61719740 -1359.34999532 0.15267859 0.98818565 -0.01335559 -6802.44923860 0.61161887 -0.08386514 0.78669498 5412.81870121 0.00000000 0.00000000 0.00000000 1.00000000
-0.78583802 0.04638800 0.61669017 -823.90107471 0.09131487 0.99495614 0.04151950 -6883.12546445 0.61165367 -0.08894058 0.78611028 5412.52339098 0.00000000 0.00000000 0.00000000 1.00000000
-0.79122913 -0.03573028 0.61047507 -289.53697555 0.02992547 0.99483319 0.09701227 -6921.35494864 0.61078714 -0.09502769 0.78607176 5412.82846618 0.00000000 0.00000000 0.00000000 1.00000000
-0.79163672 -0.07471101 0.60640709 -28.60710472 -0.00002197 0.99249934 0.12224995 -6924.91234429 0.61099206 -0.09676423 0.78570057 5412.53108975 0.00000000 0.00000000 0.00000000 1.00000000
-0.78916920 -0.15434729 0.59446521 500.37285977 -0.06079226 0.98278454 0.17446732 -6902.13653430 0.61115978 -0.10154535 0.78496641 5412.83631531 0.00000000 0.00000000 0.00000000 1.00000000
-0.78235825 -0.23060525 0.57856442 1013.09501570 -0.11974209 0.96729197 0.22362486 -6840.91357681 0.61120979 -0.10567624 0.78438200 5413.44172935 0.00000000 0.00000000 0.00000000 1.00000000
-0.77127183 -0.30293599 0.55979421 1510.46643782 -0.17707387 0.94688106 0.26844198 -6743.79891834 0.61137927 -0.10791681 0.78394474 5413.44721183 0.00000000 0.00000000 0.00000000 1.00000000
-0.75647241 -0.37221593 0.53777765 1989.92603666 -0.23197460 0.92149865 0.31149322 -6613.57186498 0.61150412 -0.11088527 0.78343294 5413.15261282 0.00000000 0.00000000 0.00000000 1.00000000
-0.73834710 -0.43709684 0.51360481 2444.98873451 -0.28442810 0.89232355 0.35051296 -6454.56771455 0.61150978 -0.11271658 0.78316714 5412.85801811 0.00000000 0.00000000 0.00000000 1.00000000
-0.71109921 -0.51332300 0.48045542 2986.91943133 -0.34680536 0.85051611 0.39540914 -6216.78790812 0.61160768 -0.11455061 0.78282450 5412.56450036 0.00000000 0.00000000 0.00000000 1.00000000
-0.67967332 -0.58348841 0.44450585 3490.74064438 -0.40480703 0.80373081 0.43605968 -5942.68183078 0.61169882 -0.11643904 0.78247461 5412.57110560 0.00000000 0.00000000 0.00000000 1.00000000
-0.64484142 -0.64583074 0.40875690 3954.62694390 -0.45824970 0.75470262 0.46950098 -5638.69663360 0.61170807 -0.11544095 0.78261525 5412.87757075 0.00000000 0.00000000 0.00000000 1.00000000
-0.60715786 -0.70215886 0.37193045 4378.30565708 -0.50704640 0.70277062 0.49901644 -5310.05618012 0.61177061 -0.11439576 0.78271983 5412.28413738 0.00000000 0.00000000 0.00000000 1.00000000
-0.56718188 -0.75257623 0.33456498 4762.51103207 -0.55138099 0.64873243 0.52452382 -4961.76315791 0.61178732 -0.11302764 0.78290551 5411.69053522 0.00000000 0.00000000 0.00000000 1.00000000
-0.52551814 -0.79713026 0.29734497 5108.16030168 -0.59123325 0.59348259 0.54609675 -4598.59638458 0.61177931 -0.11118352 0.78317578 5410.79647027 0.00000000 0.00000000 0.00000000 1.00000000
-0.48253069 -0.83652381 0.25959978 5416.08092728 -0.62680672 0.53681871 0.56474685 -4224.55771423 0.61178221 -0.10978879 0.78337025 5410.50229470 0.00000000 0.00000000 0.00000000 1.00000000
-0.42951552 -0.87721040 0.21451885 5739.89306256 -0.66418304 0.46780689 0.58311028 -3763.55665758 0.61186380 -0.10797513 0.78355859 5410.20907707 0.00000000 0.00000000 0.00000000 1.00000000
-0.37619692 -0.91064220 0.17089955 6013.11132336 -0.69583711 0.39946959 0.59685405 -3299.57937338 0.61178966 -0.10561641 0.78393787 5409.91539656 0.00000000 0.00000000 0.00000000 1.00000000
-0.32277006 -0.93759429 0.12936936 6241.03686163 -0.72214743 0.33231273 0.60668883 -2834.18116742 0.61181907 -0.10239724 0.78434191 5409.32122338 0.00000000 0.00000000 0.00000000 1.00000000
