-0.25496799 0.91490982 0.31293985 6472.76834174 -0.74972780 -0.39143607 0.53355977 -2239.63743402 -0.61065502 0.09857904 -0.78573699 5406.22779540 0.00000000 0.00000000 0.00000000 1.00000000
-0.19722483 0.94293473 0.26828431 6620.68476719 -0.76692236 -0.31886411 0.55691631 -1736.86653891 -0.61068197 0.09591551 -0.78604564 5405.93339341 0.00000000 0.00000000 0.00000000 1.00000000
-0.13689021 0.96566246 0.22081007 6731.61678226 -0.77984449 -0.24250744 0.57708986 -1212.46824688 -0.61082210 0.09319957 -0.78626344 5406.23905876 0.00000000 0.00000000 0.00000000 1.00000000
-0.07777703 0.98206447 0.17175599 6799.75450863 -0.78786351 -0.16611246 0.59302423 -699.20393586 -0.61091883 0.08919661 -0.78665250 5406.24403701 0.00000000 0.00000000 0.00000000 1.00000000
-0.02015326 0.99187515 0.12560862 6828.11768810 -0.79139466 -0.09260072 0.60425127 -198.40487297 -0.61097327 0.08722836 -0.78683091 5406.54912499 0.00000000 0.00000000 0.00000000 1.00000000
0.03596290 0.99614994 0.07994974 6820.54460129 -0.79067348 -0.02056491 0.61189258 288.93212025 -0.61118092 0.08521957 -0.78688977 5406.55374564 0.00000000 0.00000000 0.00000000 1.00000000
0.09819477 0.99480360 0.02689964 6772.06680151 -0.78528712 0.06085353 0.61613391 827.98232231 -0.61129529 0.08162506 -0.78718195 5406.55798366 0.00000000 0.00000000 0.00000000 1.00000000
0.15827475 0.98713852 -0.02250890 6684.11121562 -0.77541855 0.13837662 0.61609901 1348.68269186 -0.61128977 0.08005910 -0.78734704 5405.66150878 0.00000000 0.00000000 0.00000000 1.00000000
0.21549233 0.97402968 -0.06949278 6560.15599942 -0.76132581 0.21214623 0.61268017 1845.48526787 -0.61151130 0.07912123 -0.78726982 5405.66523987 0.00000000 0.00000000 0.00000000 1.00000000
0.27032547 0.95570530 -0.11641096 6404.12534742 -0.74365516 0.28406506 0.60521405 2319.83738681 -0.61147456 0.07703517 -0.78750520 5405.06822092 0.00000000 0.00000000 0.00000000 1.00000000
0.32202488 0.93328311 -0.15900509 6220.49512141 -0.72260383 0.35080970 0.59563098 2768.07960449 -0.61167286 0.07691031 -0.78736340 5404.47036271 0.00000000 0.00000000 0.00000000 1.00000000
0.37475455 0.90458441 -0.20318972 6007.53038833 -0.69693072 0.41939388 0.58171844 3198.20742001 -0.61142996 0.07639247 -0.78760244 5404.47242210 0.00000000 0.00000000 0.00000000 1.00000000
0.42701127 0.86936141 -0.24874105 5740.86012832 -0.66623823 0.48846812 0.56349402 3649.73666831 -0.61138203 0.07489750 -0.78778320 5404.47453304 0.00000000 0.00000000 0.00000000 1.00000000
0.47581150 0.82957837 -0.29223818 5445.14407728 -0.63225965 0.55358034 0.54203001 4073.38585037 -0.61143368 0.07313370 -0.78790882 5404.17619600 0.00000000 0.00000000 0.00000000 1.00000000
0.52141299 0.78549864 -0.33334725 5122.57288116 -0.59517754 0.61472297 0.51757064 4469.38185075 -0.61146724 0.07146725 -0.78803569 5404.77703420 0.00000000 0.00000000 0.00000000 1.00000000
0.56366951 0.73672047 -0.37352327 4776.15705386 -0.55515434 0.67273574 0.48911174 4834.28636633 -0.61162108 0.06833431 -0.78819419 5405.37850865 0.00000000 0.00000000 0.00000000 1.00000000
0.60259373 0.68479213 -0.40980549 4406.16742456 -0.51257477 0.72569785 0.45894416 5170.98846146 -0.61167631 0.06650092 -0.78830814 5405.07955686 0.00000000 0.00000000 0.00000000 1.00000000
0.63813878 0.63045748 -0.44193016 4015.52191193 -0.46756765 0.77336403 0.42812215 5477.60474177 -0.61168570 0.06656910 -0.78829510 5404.18035140 0.00000000 0.00000000 0.00000000 1.00000000
0.67043241 0.57104309 -0.47374062 3600.20712352 -0.41979565 0.81840513 0.39240879 5757.24686652 -0.61179408 0.06420933 -0.78840673 5404.48090242 0.00000000 0.00000000 0.00000000 1.00000000
0.69904831 0.51044271 -0.50077910 3169.70447546 -0.37013593 0.85749274 0.35735920 6003.25794517 -0.61182583 0.06445501 -0.78836204 5404.48154575 0.00000000 0.00000000 0.00000000 1.00000000
0.72388745 0.44601081 -0.52636615 2723.73663901 -0.31876243 0.89284088 0.31815983 6217.63926309 -0.61186394 0.06252615 -0.78848780 5404.78127644 0.00000000 0.00000000 0.00000000 1.00000000
0.74480323 0.37968231 -0.54873444 2266.67615712 -0.26609784 0.92312306 0.27755315 6397.95044475 -0.61193144 0.06070544 -0.78857768 5404.48095905 0.00000000 0.00000000 0.00000000 1.00000000
0.76208246 0.31131090 -0.56772867 1790.67851469 -0.21123975 0.94839313 0.23649150 6546.30219875 -0.61205236 0.06029916 -0.78851501 5404.48114224 0.00000000 0.00000000 0.00000000 1.00000000
0.77538329 0.23969976 -0.58423007 1304.67371295 -0.15511547 0.96910999 0.19174209 6659.92251615 -0.61214372 0.05805049 -0.78861283 5404.48091564 0.00000000 0.00000000 0.00000000 1.00000000
0.78454877 0.16710912 -0.59712459 807.83604740 -0.09776758 0.98429203 0.14700575 6739.36810805 -0.61231098 0.05695376 -0.78856296 5404.47937168 0.00000000 0.00000000 0.00000000 1.00000000
0.78976250 0.09141849 -0.60656233 300.06905361 -0.03910985 0.99432472 0.09893818 6783.75243411 -0.61216470 0.05441510 -0.78885574 5404.47621395 0.00000000 0.00000000 0.00000000 1.00000000
0.79037040 0.01625839 -0.61241350 -214.16622392 0.02034444 0.99839987 0.05276177 6789.85710640 -0.61229138 0.05416055 -0.78877493 5404.47315782 0.00000000 0.00000000 0.00000000 1.00000000
0.78656038 -0.06164347 -0.61442888 -734.60299994 0.08043324 0.99675559 0.00296556 6756.12930300 -0.61225261 0.05175309 -0.78896664 5405.07043225 0.00000000 0.00000000 0.00000000 1.00000000
0.77798654 -0.14023370 -0.61243078 -1255.50511444 0.14062736 0.98890821 -0.04779653 6682.23553409 -0.61234051 0.04893946 -0.78907796 5405.66736808 0.00000000 0.00000000 0.00000000 1.00000000
0.76618722 -0.21153474 -0.60680326 -1727.28456664 0.19511170 0.97626873 -0.09397225 6579.71304871 -0.61228145 0.04639408 -0.78927753 5405.06412484 0.00000000 0.00000000 0.00000000 1.00000000
0.75017873 -0.28159113 -0.59827945 -2199.08336625 0.24959197 0.95844608 -0.13814836 6441.90556564 -0.61231995 0.04568978 -0.78928875 5405.06022081 0.00000000 0.00000000 0.00000000 1.00000000
0.72979193 -0.35344014 -0.58522116 -2669.81388671 0.30388319 0.93449044 -0.18542551 6266.36990512 -0.61242040 0.04251683 -0.78938810 5405.65622015 0.00000000 0.00000000 0.00000000 1.00000000
0.70498314 -0.42263790 -0.56954015 -3137.47677851 0.35777564 0.90530780 -0.22894188 6051.10591460 -0.61236866 0.04236743 -0.78943627 5406.25212030 0.00000000 0.00000000 0.00000000 1.00000000
0.67535333 -0.49274101 -0.54872960 -3598.43138726 0.41098347 0.86925755 -0.27474333 5794.66765343 -0.61236465 0.03996997 -0.78956439 5406.24792980 0.00000000 0.00000000 0.00000000 1.00000000
0.64050990 -0.56102970 -0.52439750 -4052.13830396 0.46337335 0.82688211 -0.31867087 5493.72360407 -0.61239874 0.03887998 -0.78959239 5406.54334158 0.00000000 0.00000000 0.00000000 1.00000000
0.60593566 -0.61965495 -0.49886844 -4437.03623401 0.50775486 0.78400537 -0.35710022 5194.76710771 -0.61239446 0.03692312 -0.78968963 5406.83882858 0.00000000 0.00000000 0.00000000 1.00000000
0.56722321 -0.67740762 -0.46837670 -4809.57858594 0.55065434 0.73485260 -0.39594375 4860.17777435 -0.61240315 0.03332518 -0.78984290 5407.83371772 0.00000000 0.00000000 0.00000000 1.00000000
0.52459923 -0.73206443 -0.43460019 -5164.11290769 0.59147887 0.68056516 -0.43241625 4491.83744495 -0.61233030 0.03021160 -0.79002460 5408.12778873 0.00000000 0.00000000 0.00000000 1.00000000
0.47680877 -0.78543995 -0.39463589 -5506.30080299 0.63084592 0.61841175 -0.46861533 4079.42114303 -0.61211667 0.02551454 -0.79035574 5407.81992979 0.00000000 0.00000000 0.00000000 1.00000000
0.42462628 -0.83347797 -0.35356330 -5824.19795236 0.66719562 0.55205084 -0.50008986 3627.14029459 -0.61199880 0.02354459 -0.79050814 5408.41205048 0.00000000 0.00000000 0.00000000 1.00000000
0.37583605 -0.87255739 -0.31207510 -6075.16758343 0.69597833 0.48813140 -0.52663260 3205.58306840 -0.61185082 0.01926999 -0.79073841 5408.70477206 0.00000000 0.00000000 0.00000000 1.00000000
0.32367802 -0.90718718 -0.26878237 -6301.73953628 0.72179756 0.42042079 -0.54977690 2754.92437483 -0.61175225 0.01605576 -0.79088646 5409.59647799 0.00000000 0.00000000 0.00000000 1.00000000
0.26710455 -0.93807123 -0.22062985 -6502.73288087 0.74467308 0.34623842 -0.57059702 2265.27878264 -0.61165118 0.01188805 -0.79103825 5410.18830767 0.00000000 0.00000000 0.00000000 1.00000000
0.20707598 -0.96316847 -0.17154021 -6670.47818472 0.76377394 0.26873123 -0.58688405 1744.07845932 -0.61136642 0.00948836 -0.79129076 5409.87964914 0.00000000 0.00000000 0.00000000 1.00000000
0.14340300 -0.98246287 -0.11917336 -6800.50221807 0.77839604 0.18633442 -0.59948235 1192.42911467 -0.61117525 0.00679650 -0.79146612 5409.86992050 0.00000000 0.00000000 0.00000000 1.00000000
0.08690802 -0.99332687 -0.07582036 -6876.12710887 0.78683664 0.11512273 -0.60632901 701.70025605 -0.61101154 0.00696338 -0.79159106 5409.56204833 0.00000000 0.00000000 0.00000000 1.00000000
0.02891874 -0.99906082 -0.03226739 -6916.10153698 0.79124416 0.04260537 -0.61001431 196.95451221 -0.61081616 0.00789054 -0.79173314 5409.55455979 0.00000000 0.00000000 0.00000000 1.00000000
-0.03218903 -0.99931939 0.01801733 -6918.23840693 0.79127682 -0.03649248 -0.61036816 -333.46916948 -0.61061023 0.00539046 -0.79191293 5409.24655479 0.00000000 0.00000000 0.00000000 1.00000000
-0.09504773 -0.99346701 0.06316042 -6877.05133926 0.78628705 -0.11383482 -0.60728437 -880.58097743 -0.61050684 0.00805879 -0.79196998 5409.83880638 0.00000000 0.00000000 0.00000000 1.00000000
-0.15922000 -0.98072570 0.11325235 -6789.33229351 0.77618272 -0.19524367 -0.59951672 -1436.61017062 -0.61007326 0.00755054 -0.79230904 5410.73133963 0.00000000 0.00000000 0.00000000 1.00000000
-0.22391051 -0.96102380 0.16216452 -6651.60370048 0.76013605 -0.27633773 -0.58807367 -2000.22545775 -0.60996497 0.00840878 -0.79238376 5411.62393936 0.00000000 0.00000000 0.00000000 1.00000000
-0.28880317 -0.93436325 0.20870562 -6460.38392327 0.73797825 -0.35613561 -0.57319764 -2566.65206028 -0.60990231 0.01152109 -0.79239285 5411.61680420 0.00000000 0.00000000 0.00000000 1.00000000
-0.34061208 -0.90766438 0.24521172 -6266.50529025 0.71566874 -0.41943815 -0.55847104 -3017.48659664 -0.60975542 0.01473161 -0.79245272 5411.61200009 0.00000000 0.00000000 0.00000000 1.00000000
-0.39161952 -0.87586176 0.28195804 -6035.27744513 0.68902385 -0.48224129 -0.54100783 -3462.23501221 -0.60981988 0.01759341 -0.79234474 5412.50806328 0.00000000 0.00000000 0.00000000 1.00000000
-0.44144133 -0.83890301 0.31838859 -5766.32616726 0.65816380 -0.54390421 -0.52056567 -3896.67457168 -0.60987700 0.02024736 -0.79223739 5412.80514062 0.00000000 0.00000000 0.00000000 1.00000000
-0.48968060 -0.79801112 0.35127077 -5459.64496972 0.62289381 -0.60209080 -0.49948971 -4316.91574449 -0.61009524 0.02578603 -0.79190838 5412.80322735 0.00000000 0.00000000 0.00000000 1.00000000
-0.53495883 -0.75320562 0.38275363 -5122.98226823 0.58438701 -0.65705063 -0.47621034 -4712.17954460 -0.61017282 0.03107668 -0.79165862 5412.20149123 0.00000000 0.00000000 0.00000000 1.00000000
-0.57914534 -0.70226367 0.41402465 -4741.83090428 0.54068214 -0.71097813 -0.44963643 -5094.79617200 -0.61012580 0.03654911 -0.79146110 5412.20076847 0.00000000 0.00000000 0.00000000 1.00000000
-0.61925788 -0.64877713 0.44227583 -4334.06812275 0.49388998 -0.75973585 -0.42293512 -5444.20940009 -0.61040344 0.04347031 -0.79089694 5412.20090528 0.00000000 0.00000000 0.00000000 1.00000000
-0.65656396 -0.59039484 0.46942273 -3888.56157198 0.44300672 -0.80553888 -0.39351259 -5767.85991109 -0.61046606 0.05040876 -0.79043668 5412.20232053 0.00000000 0.00000000 0.00000000 1.00000000
-0.68963985 -0.52870455 0.49484177 -3419.73045177 0.38916413 -0.84686367 -0.36245442 -6053.85618549 -0.61069482 0.05738835 -0.78978378 5412.50467967 0.00000000 0.00000000 0.00000000 1.00000000
-0.71855158 -0.46396695 0.51809101 -2924.10959955 0.33239859 -0.88346289 -0.33015830 -6304.19387926 -0.61089672 0.06502305 -0.78903561 5412.50753630 0.00000000 0.00000000 0.00000000 1.00000000
-0.74247486 -0.39652670 0.53990523 -2418.59003086 0.27438583 -0.91528861 -0.29488842 -6510.64777117 -0.61110024 0.07080489 -0.78838009 5412.51091955 0.00000000 0.00000000 0.00000000 1.00000000
-0.76181021 -0.32734806 0.55900667 -1895.41907747 0.21423089 -0.94168523 -0.25948805 -6677.54797476 -0.61135123 0.07792415 -0.78751349 5412.21451309 0.00000000 0.00000000 0.00000000 1.00000000
-0.77628063 -0.25551033 0.57628367 -1359.34999532 0.15267859 -0.96316204 -0.22137782 -6802.44923860 -0.61161887 0.08386514 -0.78669498 5412.81870121 0.00000000 0.00000000 0.00000000 1.00000000
-0.78583802 -0.18299648 0.59073759 -823.90107471 0.09131487 -0.97908215 -0.18182336 -6883.12546445 -0.61165367 0.08894058 -0.78611028 5412.52339098 0.00000000 0.00000000 0.00000000 1.00000000
-0.79122913 -0.11077288 0.60140322 -289.53697555 0.02992547 -0.98929222 -0.14284733 -6921.35494864 -0.61078714 0.09502769 -0.78607176 5412.82846618 0.00000000 0.00000000 0.00000000 1.00000000
-0.79163672 -0.07465592 0.60641388 -28.60710472 -0.00002197 -0.99250349 -0.12221629 -6924.91234429 -0.61099206 0.09676423 -0.78570057 5412.53108975 0.00000000 0.00000000 0.00000000 1.00000000
-0.78916920 -0.00200532 0.61417258 500.37285977 -0.06079226 -0.99482889 -0.08136204 -6902.13653430 -0.61115978 0.10154535 -0.78496641 5412.83631531 0.00000000 0.00000000 0.00000000 1.00000000
-0.78235825 0.06926753 0.61896493 1013.09501570 -0.11974209 -0.99198515 -0.04033969 -6840.91357681 -0.61120979 0.10567624 -0.78438200 5413.44172935 0.00000000 0.00000000 0.00000000 1.00000000
-0.77127183 0.14041347 0.62082511 1510.46643782 -0.17707387 -0.98419410 0.00261269 -6743.79891834 -0.61137927 0.10791681 -0.78394474 5413.44721183 0.00000000 0.00000000 0.00000000 1.00000000
-0.75647241 0.20835384 0.61995014 1989.92603666 -0.23197460 -0.97174746 0.04352759 -6613.57186498 -0.61150412 0.11088527 -0.78343294 5413.15261282 0.00000000 0.00000000 0.00000000 1.00000000
-0.73834710 0.27451623 0.61602305 2444.98873451 -0.28442810 -0.95495330 0.08464539 -6454.56771455 -0.61150978 0.11271658 -0.78316714 5412.85801811 0.00000000 0.00000000 0.00000000 1.00000000
-0.71109921 0.35413858 0.60739096 2986.91943133 -0.34680536 -0.92815086 0.13513703 -6216.78790812 -0.61160768 0.11455061 -0.78282450 5412.56450036 0.00000000 0.00000000 0.00000000 1.00000000
-0.67967332 0.42878003 0.59514021 3490.74064438 -0.40480703 -0.89587367 0.18314373 -5942.68183078 -0.61169882 0.11643904 -0.78247461 5412.57110560 0.00000000 0.00000000 0.00000000 1.00000000
-0.64484142 0.50030417 0.57781942 3954.62694390 -0.45824970 -0.85811953 0.23159899 -5638.69663360 -0.61170807 0.11544095 -0.78261525 5412.87757075 0.00000000 0.00000000 0.00000000 1.00000000
-0.60715786 0.56634675 0.55732458 4378.30565708 -0.50704640 -0.81618930 0.27701801 -5310.05618012 -0.61177061 0.11439576 -0.78271983 5412.28413738 0.00000000 0.00000000 0.00000000 1.00000000
-0.56718188 0.62721594 0.53376482 4762.51103207 -0.55138099 -0.77060036 0.31961553 -4961.76315791 -0.61178732 0.11302764 -0.78290551 5411.69053522 0.00000000 0.00000000 0.00000000 1.00000000
-0.52551814 0.68287699 0.50745414 5108.16030168 -0.59123325 -0.72202303 0.35934105 -4598.59638458 -0.61177931 0.11118352 -0.78317578 5410.79647027 0.00000000 0.00000000 0.00000000 1.00000000
-0.48253069 0.73293139 0.47955783 5416.08092728 -0.62680672 -0.67138513 0.39541792 -4224.55771423 -0.61178221 0.10978879 -0.78337025 5410.50229470 0.00000000 0.00000000 0.00000000 1.00000000
-0.42951552 0.78649628 0.44377924 5739.89306256 -0.66418304 -0.60808303 0.43485161 -3763.55665758 -0.61186380 0.10797513 -0.78355859 5410.20907707 0.00000000 0.00000000 0.00000000 1.00000000
-0.37619692 0.83294538 0.40580522 6013.11132336 -0.69583711 -0.54318245 0.46985480 -3299.57937338 -0.61178966 0.10561641 -0.78393787 5409.91539656 0.00000000 0.00000000 0.00000000 1.00000000
-0.32277006 0.87295687 0.36574006 6241.03686163 -0.72214743 -0.47692883 0.50104089 -2834.18116742 -0.61181907 0.10239724 -0.78434191 5409.32122338 0.00000000 0.00000000 0.00000000 1.00000000
