-0.57813730 -0.41279647 -0.70381556 6472.76834174 0.19661336 -0.90764556 0.37084057 -2239.63743402 -0.79189674 0.07601722 0.60590505 5406.22779540 0.00000000 0.00000000 0.00000000 1.00000000
-0.59143815 -0.34011953 -0.73110849 6620.68476719 0.15209661 -0.93746860 0.31308027 -1736.86653891 -0.79187596 0.07396849 0.60618572 5405.93339341 0.00000000 0.00000000 0.00000000 1.00000000
-0.60162362 -0.26348595 -0.75407173 6731.61678226 0.10560616 -0.96197999 0.25187663 -1212.46824688 -0.79176787 0.07190031 0.60657562 5406.23905876 0.00000000 0.00000000 0.00000000 1.00000000
-0.60796358 -0.18638100 -0.77177873 6799.75450863 0.06001751 -0.98006358 0.18940244 -699.20393586 -0.79169324 0.06882955 0.60702908 5406.24403701 0.00000000 0.00000000 0.00000000 1.00000000
-0.61077526 -0.11250233 -0.78377089 6828.11768810 0.01555369 -0.99136835 0.13018018 -198.40487297 -0.79165123 0.06732030 0.60725309 5406.54912499 0.00000000 0.00000000 0.00000000 1.00000000
-0.61054970 -0.03995878 -0.79096926 6820.54460129 -0.02777017 -0.99703205 0.07180463 288.93212025 -0.79149093 0.06580565 0.60762795 5406.55374564 0.00000000 0.00000000 0.00000000 1.00000000
-0.60657157 0.04242085 -0.79389634 6772.06680151 -0.07584761 -0.99710848 0.00467166 827.98232231 -0.79140259 0.06304884 0.60803518 5406.55798366 0.00000000 0.00000000 0.00000000 1.00000000
-0.59894025 0.12052399 -0.79167199 6684.11121562 -0.12225284 -0.99078251 -0.05834603 1348.68269186 -0.79140686 0.06183837 0.60815392 5405.66150878 0.00000000 0.00000000 0.00000000 1.00000000
-0.58839526 0.19485369 -0.78474395 6560.15599942 -0.16654455 -0.97892431 -0.11819522 1845.48526787 -0.79123570 0.06114932 0.60844624 5405.66523987 0.00000000 0.00000000 0.00000000 1.00000000
-0.57468324 0.26761444 -0.77338327 6404.12534742 -0.20890263 -0.96168525 -0.17754201 2319.83738681 -0.79126409 0.05953138 0.60856976 5405.06822092 0.00000000 0.00000000 0.00000000 1.00000000
-0.55870447 0.33487571 -0.75875396 6220.49512141 -0.24898393 -0.94038401 -0.23170005 2768.07960449 -0.79111081 0.05946569 0.60877542 5404.47036271 0.00000000 0.00000000 0.00000000 1.00000000
-0.53851270 0.40410010 -0.73939650 6007.53038833 -0.28956979 -0.91280821 -0.28797659 3198.20742001 -0.79129856 0.05902784 0.60857399 5404.47242210 0.00000000 0.00000000 0.00000000 1.00000000
-0.51473242 0.47412856 -0.71431971 5740.86012832 -0.32990684 -0.87855205 -0.34540958 3649.73666831 -0.79133559 0.05786544 0.60863748 5404.47453304 0.00000000 0.00000000 0.00000000 1.00000000
-0.48854665 0.54029800 -0.68512791 5445.14407728 -0.36765925 -0.83957409 -0.39992752 4073.38585037 -0.79129568 0.05651037 0.60881666 5404.17619600 0.00000000 0.00000000 0.00000000 1.00000000
-0.45993364 0.60250778 -0.65226178 5122.57288116 -0.40293081 -0.79619991 -0.45134517 4469.38185075 -0.79126975 0.05522754 0.60896807 5404.77703420 0.00000000 0.00000000 0.00000000 1.00000000
-0.42917744 0.66185470 -0.61461784 4776.15705386 -0.43576033 -0.74776841 -0.50095443 4834.28636633 -0.79115084 0.05282773 0.60933535 5405.37850865 0.00000000 0.00000000 0.00000000 1.00000000
-0.39631730 0.71592519 -0.57479015 4406.16742456 -0.46591899 -0.69628107 -0.54599649 5170.98846146 -0.79110814 0.05141779 0.60951138 5405.07955686 0.00000000 0.00000000 0.00000000 1.00000000
-0.36152715 0.76444099 -0.53378656 4015.52191193 -0.49341414 -0.64263568 -0.58614150 5477.60474177 -0.79110088 0.05147177 0.60951624 5404.18035140 0.00000000 0.00000000 0.00000000 1.00000000
-0.32468135 0.81068440 -0.48720921 3600.20712352 -0.51853063 -0.58337343 -0.62514112 5757.24686652 -0.79101707 0.04966124 0.60977517 5404.48090242 0.00000000 0.00000000 0.00000000 1.00000000
-0.28629693 0.85066101 -0.44091939 3169.70447546 -0.54070779 -0.52334528 -0.65859304 6003.25794517 -0.79099251 0.04985539 0.60979119 5404.48154575 0.00000000 0.00000000 0.00000000 1.00000000
-0.24658451 0.88713517 -0.39011187 2723.73663901 -0.55997639 -0.45896809 -0.68976426 6217.63926309 -0.79096304 0.04836825 0.60994917 5404.78127644 0.00000000 0.00000000 0.00000000 1.00000000
-0.20588116 0.91850120 -0.33759220 2266.67615712 -0.57625779 -0.39261882 -0.71678269 6397.95044475 -0.79091081 0.04696808 0.61012629 5404.48095905 0.00000000 0.00000000 0.00000000 1.00000000
-0.16348883 0.94475217 -0.28410341 1790.67851469 -0.58981309 -0.32444629 -0.73949653 6546.30219875 -0.79081724 0.04666848 0.61027054 5404.48114224 0.00000000 0.00000000 0.00000000 1.00000000
-0.12008015 0.96653796 -0.22668287 1304.67371295 -0.60025053 -0.25255666 -0.75889027 6659.92251615 -0.79074652 0.04493885 0.61049196 5404.48091564 0.00000000 0.00000000 0.00000000 1.00000000
-0.07571828 0.98270367 -0.16899776 807.83604740 -0.60761129 -0.17985519 -0.77360238 6739.36810805 -0.79061702 0.04410911 0.61072017 5404.47937168 0.00000000 0.00000000 0.00000000 1.00000000
-0.03027792 0.99371694 -0.10774917 300.06905361 -0.61141546 -0.10369167 -0.78448656 6783.75243411 -0.79073028 0.04212689 0.61071347 5404.47621395 0.00000000 0.00000000 0.00000000 1.00000000
0.01575540 0.99871423 -0.04818351 -214.16622392 -0.61208864 -0.02847120 -0.79027646 6789.85710640 -0.79063219 0.04194370 0.61085306 5404.47315782 0.00000000 0.00000000 0.00000000 1.00000000
0.06228382 0.99794356 0.01514495 -734.60299994 -0.60907634 0.05002619 -0.79153231 6756.12930300 -0.79066222 0.04007523 0.61093963 5405.07043225 0.00000000 0.00000000 0.00000000 1.00000000
0.10892039 0.99087093 0.07944268 -1255.50511444 -0.60257551 0.12937538 -0.78750541 6682.23553409 -0.79059415 0.03790518 0.61116618 5405.66736808 0.00000000 0.00000000 0.00000000 1.00000000
0.15109695 0.97885148 0.13791116 -1727.28456664 -0.59334500 0.20139251 -0.77934766 6579.71304871 -0.79063988 0.03592815 0.61122642 5405.06412484 0.00000000 0.00000000 0.00000000 1.00000000
0.19330660 0.96169884 0.19433966 -2199.08336625 -0.58100626 0.27181456 -0.76716919 6441.90556564 -0.79061007 0.03538630 0.61129660 5405.06022081 0.00000000 0.00000000 0.00000000 1.00000000
0.23541641 0.93817276 0.25379320 -2669.81388671 -0.56536524 0.34459686 -0.74940987 6266.36990512 -0.79053226 0.03293752 0.61153402 5405.65622015 0.00000000 0.00000000 0.00000000 1.00000000
0.27712908 0.90962971 0.30947255 -3137.47677851 -0.54607220 0.41412173 -0.72822273 6051.10591460 -0.79057234 0.03281734 0.61148867 5406.25212030 0.00000000 0.00000000 0.00000000 1.00000000
0.31833995 0.87394143 0.36726836 -3598.43138726 -0.52311580 0.48504418 -0.70077243 5794.66765343 -0.79057544 0.03095998 0.61158152 5406.24792980 0.00000000 0.00000000 0.00000000 1.00000000
0.35895212 0.83201765 0.42296574 -4052.13830396 -0.49617093 0.55393097 -0.66856181 5493.72360407 -0.79054904 0.03011837 0.61165766 5406.54334158 0.00000000 0.00000000 0.00000000 1.00000000
0.39332786 0.78934974 0.47140236 -4437.03623401 -0.46938275 0.61327718 -0.63527233 5194.76710771 -0.79055236 0.02860217 0.61172615 5406.83882858 0.00000000 0.00000000 0.00000000 1.00000000
0.42656925 0.74008337 0.51991854 -4809.57858594 -0.43940447 0.67201947 -0.59608183 4860.17777435 -0.79054562 0.02581565 0.61185878 5407.83371772 0.00000000 0.00000000 0.00000000 1.00000000
0.45810712 0.68566175 0.56569058 -5164.11290769 -0.40630808 0.72754412 -0.55280494 4491.83744495 -0.79060205 0.02339923 0.61188305 5408.12778873 0.00000000 0.00000000 0.00000000 1.00000000
0.48832473 0.62301028 0.61106232 -5506.30080299 -0.36908777 0.78196427 -0.50230080 4079.42114303 -0.79076746 0.01975027 0.61179796 5407.81992979 0.00000000 0.00000000 0.00000000 1.00000000
0.51630326 0.55654305 0.65091534 -5824.19795236 -0.32859318 0.83061897 -0.44955383 3627.14029459 -0.79085869 0.01821977 0.61172753 5408.41205048 0.00000000 0.00000000 0.00000000 1.00000000
0.53836833 0.49197116 0.68419582 -6075.16758343 -0.29072489 0.87048388 -0.39716099 3205.58306840 -0.79097318 0.01490615 0.61166922 5408.70477206 0.00000000 0.00000000 0.00000000 1.00000000
0.55819683 0.42374136 0.71334393 -6301.73953628 -0.25031402 0.90569812 -0.34213126 2754.92437483 -0.79104942 0.01241660 0.61162623 5409.59647799 0.00000000 0.00000000 0.00000000 1.00000000
0.57573542 0.34877700 0.73951560 -6502.73288087 -0.20650881 0.93716067 -0.28121875 2265.27878264 -0.79112757 0.00919111 0.61158212 5410.18830767 0.00000000 0.00000000 0.00000000 1.00000000
0.59006398 0.27081404 0.76058152 -6670.47818472 -0.15997937 0.96260377 -0.21863343 1744.07845932 -0.79134765 0.00733036 0.61132248 5409.87964914 0.00000000 0.00000000 0.00000000 1.00000000
0.60106029 0.18785719 0.77681156 -6800.50221807 -0.11073264 0.98218233 -0.15184251 1192.42911467 -0.79149530 0.00524811 0.61115272 5409.86992050 0.00000000 0.00000000 0.00000000 1.00000000
0.60731821 0.11670183 0.78584049 -6876.12710887 -0.06707978 0.99315245 -0.09564784 701.70025605 -0.79162169 0.00537467 0.61098790 5409.56204833 0.00000000 0.00000000 0.00000000 1.00000000
0.61040861 0.04440752 0.79084088 -6916.10153698 -0.02230949 0.99899495 -0.03887632 196.95451221 -0.79177245 0.00608719 0.61078583 5409.55455979 0.00000000 0.00000000 0.00000000 1.00000000
0.61010563 -0.03525929 0.79153516 -6918.23840693 0.02481901 0.99936956 0.02538718 -333.46916948 -0.79193127 0.00415626 0.61059609 5409.24655479 0.00000000 0.00000000 0.00000000 1.00000000
0.60609466 -0.11200134 0.78746744 -6877.05133926 0.07326577 0.99368864 0.08494125 -880.58097743 -0.79201098 0.00621196 0.61047524 5409.83880638 0.00000000 0.00000000 0.00000000 1.00000000
0.59762895 -0.19354217 0.77806238 -6789.33229351 0.12259289 0.98107473 0.14987779 -1436.61017062 -0.79234502 0.00581360 0.61004555 5410.73133963 0.00000000 0.00000000 0.00000000 1.00000000
0.58510823 -0.27448044 0.76309164 -6651.60370048 0.17235320 0.96157090 0.21371893 -2000.22545775 -0.79242838 0.00647258 0.60993063 5411.62393936 0.00000000 0.00000000 0.00000000 1.00000000
0.56795953 -0.35366387 0.74319838 -6460.38392327 0.22226741 0.93533056 0.27523435 -2566.65206028 -0.79247660 0.00886681 0.60983786 5411.61680420 0.00000000 0.00000000 0.00000000 1.00000000
0.55057860 -0.41636967 0.72353266 -6266.50529025 0.26203984 0.90912477 0.32377039 -3017.48659664 -0.79258964 0.01133333 0.60965008 5411.61200009 0.00000000 0.00000000 0.00000000 1.00000000
0.53016935 -0.47871491 0.69982319 -6035.27744513 0.30133161 0.87786604 0.37222370 -3462.23501221 -0.79254004 0.01353725 0.60966960 5412.50806328 0.00000000 0.00000000 0.00000000 1.00000000
0.50649962 -0.54002937 0.67218034 -5766.32616726 0.33971766 0.84150193 0.42007906 -3896.67457168 -0.79249608 0.01558165 0.60967792 5412.80514062 0.00000000 0.00000000 0.00000000 1.00000000
0.47963029 -0.59742834 0.64267734 -5459.64496972 0.37705568 0.80167646 0.46383603 -4316.91574449 -0.79232808 0.01985533 0.60977207 5412.80322735 0.00000000 0.00000000 0.00000000 1.00000000
0.45007108 -0.65178210 0.61042290 -5122.98226823 0.41200351 0.75802854 0.50561433 -4712.17954460 -0.79226834 0.02393399 0.60970323 5412.20149123 0.00000000 0.00000000 0.00000000 1.00000000
0.41636025 -0.70524315 0.57382597 -4741.83090428 0.44597941 0.70840663 0.54704882 -5094.79617200 -0.79230455 0.02814518 0.60947629 5412.20076847 0.00000000 0.00000000 0.00000000 1.00000000
0.38060307 -0.75351861 0.53605130 -4334.06812275 0.47721448 0.65657254 0.58410516 -5444.20940009 -0.79209068 0.03349923 0.60948352 5412.20090528 0.00000000 0.00000000 0.00000000 1.00000000
0.34144708 -0.79907522 0.49486634 -3888.56157198 0.50604615 0.59997440 0.61963539 -5767.85991109 -0.79204241 0.03885251 0.60922844 5412.20232053 0.00000000 0.00000000 0.00000000 1.00000000
0.30012717 -0.84041096 0.45125725 -3419.73045177 0.53185698 0.54013944 0.65220974 -6053.85618549 -0.79186605 0.04425845 0.60908895 5412.50467967 0.00000000 0.00000000 0.00000000 1.00000000
0.25648424 -0.87722805 0.40581619 -2924.10959955 0.55444625 0.47744490 0.68164194 -6304.19387926 -0.79171030 0.05017285 0.60883289 5412.50753630 0.00000000 0.00000000 0.00000000 1.00000000
0.21183319 -0.90969324 0.35719029 -2418.59003086 0.57321043 0.41166750 0.70849112 -6510.64777117 -0.79155322 0.05466327 0.60865050 5412.51091955 0.00000000 0.00000000 0.00000000 1.00000000
0.16550043 -0.93688681 0.30798169 -1895.41907747 0.58852352 0.34441138 0.73145121 -6677.54797476 -0.79135938 0.06019898 0.60838015 5412.21451309 0.00000000 0.00000000 0.00000000 1.00000000
0.11803173 -0.95948934 0.25582947 -1359.34999532 0.60012178 0.27418383 0.75144998 -6802.44923860 -0.79115255 0.06483389 0.60817284 5412.81870121 0.00000000 0.00000000 0.00000000 1.00000000
0.07059950 -0.97675327 0.20240741 -823.90107471 0.60756557 0.20303838 0.76787987 -6883.12546445 -0.79112565 0.06876384 0.60777606 5412.52339098 0.00000000 0.00000000 0.00000000 1.00000000
0.02308438 -0.98847119 0.14963898 -289.53697555 0.61035075 0.13248110 0.78097421 -6921.35494864 -0.79179484 0.07330395 0.60637238 5412.82846618 0.00000000 0.00000000 0.00000000 1.00000000
-0.00001696 -0.99250410 0.12221132 -28.60710472 0.61099206 0.09673669 0.78570396 -6924.91234429 -0.79163672 0.07468347 0.60641049 5412.53108975 0.00000000 0.00000000 0.00000000 1.00000000
-0.04694055 -0.99660598 0.06762480 500.37285977 0.60935446 0.02507441 0.79250136 -6902.13653430 -0.79150725 0.07840792 0.60610929 5412.83631531 0.00000000 0.00000000 0.00000000 1.00000000
-0.09247055 -0.99562643 0.01331233 1013.09501570 0.60417431 -0.04547655 0.79555344 -6840.91357681 -0.79146863 0.08160823 0.60573716 5413.44172935 0.00000000 0.00000000 0.00000000 1.00000000
-0.13680542 -0.98968561 -0.04250494 1510.46643782 0.59587657 -0.11649436 0.79458176 -6743.79891834 -0.79133772 0.08337540 0.60566753 5413.44721183 0.00000000 0.00000000 0.00000000 1.00000000
-0.17927961 -0.97913219 -0.09570256 1989.92603666 0.58463331 -0.18427216 0.79009345 -6613.57186498 -0.79124125 0.08569674 0.60546953 5413.15261282 0.00000000 0.00000000 0.00000000 1.00000000
-0.21982111 -0.96415697 -0.14859347 2444.98873451 0.57063376 -0.25062443 0.78202590 -6454.56771455 -0.79123687 0.08711335 0.60527306 5412.85801811 0.00000000 0.00000000 0.00000000 1.00000000
-0.26809811 -0.93954672 -0.21301492 2986.91943133 0.54971571 -0.33077220 0.76707392 -6216.78790812 -0.79116120 0.08855342 0.60516300 5412.56450036 0.00000000 0.00000000 0.00000000 1.00000000
-0.31301085 -0.90938497 -0.27394012 3490.74064438 0.52554700 -0.40609449 0.74758787 -5942.68183078 -0.79109074 0.09003470 0.60503652 5412.57110560 0.00000000 0.00000000 0.00000000 1.00000000
-0.35434313 -0.87328237 -0.33439326 3954.62694390 0.49862581 -0.47896727 0.72246983 -5638.69663360 -0.79108359 0.08926511 0.60515989 5412.87757075 0.00000000 0.00000000 0.00000000 1.00000000
-0.39213941 -0.83280660 -0.39071709 4378.30565708 0.46956359 -0.54644852 0.69347246 -5310.05618012 -0.79103522 0.08847136 0.60533965 5412.28413738 0.00000000 0.00000000 0.00000000 1.00000000
-0.42644549 -0.78845215 -0.44326905 4762.51103207 0.43866611 -0.60885257 0.66096186 -4961.76315791 -0.79102230 0.08741710 0.60550968 5411.69053522 0.00000000 0.00000000 0.00000000 1.00000000
-0.45725821 -0.74085397 -0.49198610 5108.16030168 0.40643432 -0.66613908 0.62535579 -4598.59638458 -0.79102849 0.08598903 0.60570604 5410.79647027 0.00000000 0.00000000 0.00000000 1.00000000
-0.48477430 -0.69109822 -0.53607567 5416.08092728 0.37319076 -0.71775579 0.58783950 -4224.55771423 -0.79102625 0.08491100 0.60586103 5410.50229470 0.00000000 0.00000000 0.00000000 1.00000000
-0.51379076 -0.62861322 -0.58383600 5739.89306256 0.33225947 -0.77321977 0.54012483 -3763.55665758 -0.79096314 0.08352611 0.60613587 5410.20907707 0.00000000 0.00000000 0.00000000 1.00000000
-0.53817311 -0.56423362 -0.62610712 6013.11132336 0.29095755 -0.82156429 0.49028137 -3299.57937338 -0.79102049 0.08168565 0.60631184 5409.91539656 0.00000000 0.00000000 0.00000000 1.00000000
-0.55856489 -0.49810512 -0.66324697 6241.03686163 0.24965543 -0.86349194 0.43823947 -2834.18116742 -0.79099774 0.07920198 0.60667093 5409.32122338 0.00000000 0.00000000 0.00000000 1.00000000
