-0.19661336 -0.97112480 -0.13512889 6472.76834174 0.57813730 -0.22613715 0.78397656 -2239.63743402 -0.79189674 0.07601722 0.60590505 5406.22779540 0.00000000 0.00000000 0.00000000 1.00000000
-0.15209661 -0.98524608 -0.07846519 6620.68476719 0.59143815 -0.15433349 0.79144304 -1736.86653891 -0.79187596 0.07396849 0.60618572 5405.93339341 0.00000000 0.00000000 0.00000000 1.00000000
-0.10560616 -0.99420688 -0.02000045 6731.61678226 0.60162362 -0.07989384 0.79477418 -1212.46824688 -0.79176787 0.07190031 0.60657562 5406.23905876 0.00000000 0.00000000 0.00000000 1.00000000
-0.06001751 -0.99758917 0.03483879 6799.75450863 0.60796358 -0.00885073 0.79391558 -699.20393586 -0.79169324 0.06882955 0.60702908 5406.24403701 0.00000000 0.00000000 0.00000000 1.00000000
-0.01555369 -0.99580954 0.09011909 6828.11768810 0.61077526 0.06189786 0.78938092 -198.40487297 -0.79165123 0.06732030 0.60725309 5406.54912499 0.00000000 0.00000000 0.00000000 1.00000000
0.02777017 -0.98928782 0.14331232 6820.54460129 0.61054970 0.13030433 0.78118490 288.93212025 -0.79149093 0.06580565 0.60762795 5406.55374564 0.00000000 0.00000000 0.00000000 1.00000000
0.07584761 -0.97685291 0.20001383 6772.06680151 0.60657157 0.20440948 0.76830182 827.98232231 -0.79140259 0.06304884 0.60803518 5406.55798366 0.00000000 0.00000000 0.00000000 1.00000000
0.12225284 -0.95876021 0.25657962 6684.11121562 0.59894025 0.27740742 0.75120949 1348.68269186 -0.79140686 0.06183837 0.60815392 5405.66150878 0.00000000 0.00000000 0.00000000 1.00000000
0.16654455 -0.93582712 0.31062923 6560.15599942 0.58839526 0.34711434 0.73027574 1845.48526787 -0.79123570 0.06114932 0.60844624 5405.66523987 0.00000000 0.00000000 0.00000000 1.00000000
0.20890263 -0.90904905 0.36054058 6404.12534742 0.57468324 0.41241464 0.70686161 2319.83738681 -0.79126409 0.05953138 0.60856976 5405.06822092 0.00000000 0.00000000 0.00000000 1.00000000
0.24898393 -0.87777070 0.40929891 6220.49512141 0.55870447 0.47537608 0.67960789 2768.07960449 -0.79111081 0.05946569 0.60877542 5404.47036271 0.00000000 0.00000000 0.00000000 1.00000000
0.28956979 -0.84045011 0.45803160 6007.53038833 0.53851270 0.53866439 0.64795428 3198.20742001 -0.79129856 0.05902784 0.60857399 5404.47242210 0.00000000 0.00000000 0.00000000 1.00000000
0.32990684 -0.79772142 0.50477918 5740.86012832 0.51473242 0.60024339 0.61217514 3649.73666831 -0.79133559 0.05786544 0.60863748 5404.47453304 0.00000000 0.00000000 0.00000000 1.00000000
0.36765925 -0.75162250 0.54762240 5445.14407728 0.48854665 0.65716831 0.57397908 4073.38585037 -0.79129568 0.05651037 0.60881666 5404.17619600 0.00000000 0.00000000 0.00000000 1.00000000
0.40293081 -0.70201217 0.58721859 5122.57288116 0.45993364 0.71002030 0.53322811 4469.38185075 -0.79126975 0.05522754 0.60896807 5404.77703420 0.00000000 0.00000000 0.00000000 1.00000000
0.43576033 -0.65039641 0.62217155 4776.15705386 0.42917744 0.75775573 0.49154144 4834.28636633 -0.79115084 0.05282773 0.60933535 5405.37850865 0.00000000 0.00000000 0.00000000 1.00000000
0.46591899 -0.59497246 0.65492539 4406.16742456 0.39631730 0.80209974 0.44673103 5170.98846146 -0.79110814 0.05141779 0.60951138 5405.07955686 0.00000000 0.00000000 0.00000000 1.00000000
0.49341414 -0.53524022 0.68560950 4015.52191193 0.36152715 0.84313022 0.39803211 5477.60474177 -0.79110088 0.05147177 0.60951624 5404.18035140 0.00000000 0.00000000 0.00000000 1.00000000
0.51853063 -0.47453125 0.71129887 3600.20712352 0.32468135 0.87883665 0.34961144 5757.24686652 -0.79101707 0.04966124 0.60977517 5404.48090242 0.00000000 0.00000000 0.00000000 1.00000000
0.54070779 -0.40941964 0.73485416 3169.70447546 0.28629693 0.91098298 0.29689067 6003.25794517 -0.79099251 0.04985539 0.60979119 5404.48154575 0.00000000 0.00000000 0.00000000 1.00000000
0.55997639 -0.34452052 0.75347996 2723.73663901 0.24658451 0.93753193 0.24541792 6217.63926309 -0.79096304 0.04836825 0.60994917 5404.78127644 0.00000000 0.00000000 0.00000000 1.00000000
0.57625779 -0.27828582 0.76842955 2266.67615712 0.20588116 0.95934926 0.19303354 6397.95044475 -0.79091081 0.04696808 0.61012629 5404.48095905 0.00000000 0.00000000 0.00000000 1.00000000
0.58981309 -0.20822998 0.78023124 1790.67851469 0.16348883 0.97696588 0.13714618 6546.30219875 -0.79081724 0.04666848 0.61027054 5404.48114224 0.00000000 0.00000000 0.00000000 1.00000000
0.60025053 -0.13871138 0.78769186 1304.67371295 0.12008015 0.98931272 0.08271097 6659.92251615 -0.79074652 0.04493885 0.61049196 5404.48091564 0.00000000 0.00000000 0.00000000 1.00000000
0.60761129 -0.06682195 0.79141857 807.83604740 0.07571828 0.99678945 0.02602938 6739.36810805 -0.79061702 0.04410911 0.61072017 5404.47937168 0.00000000 0.00000000 0.00000000 1.00000000
0.61141546 0.00500534 0.79129393 300.06905361 0.03027792 0.99909973 -0.02971490 6783.75243411 -0.79073028 0.04212689 0.61071347 5404.47621395 0.00000000 0.00000000 0.00000000 1.00000000
0.61208864 0.07981404 0.78675105 -214.16622392 -0.01575540 0.99592693 -0.08877681 6789.85710640 -0.79063219 0.04194370 0.61085306 5404.47315782 0.00000000 0.00000000 0.00000000 1.00000000
0.60907634 0.15299540 0.77821490 -734.60299994 -0.06228382 0.98741399 -0.14537656 6756.12930300 -0.79066222 0.04007523 0.61093963 5405.07043225 0.00000000 0.00000000 0.00000000 1.00000000
0.60257551 0.22569343 0.76548366 -1255.50511444 -0.10892039 0.97346067 -0.20127264 6682.23553409 -0.79059415 0.03790518 0.61116618 5405.66736808 0.00000000 0.00000000 0.00000000 1.00000000
0.59334500 0.29131094 0.75038634 -1727.28456664 -0.15109695 0.95595351 -0.25163984 6579.71304871 -0.79063988 0.03592815 0.61122642 5405.06412484 0.00000000 0.00000000 0.00000000 1.00000000
0.58100626 0.35852103 0.73068077 -2199.08336625 -0.19330660 0.93285073 -0.30401000 6441.90556564 -0.79061007 0.03538630 0.61129660 5405.06022081 0.00000000 0.00000000 0.00000000 1.00000000
0.56536524 0.42309698 0.70806150 -2669.81388671 -0.23541641 0.90548554 -0.35309355 6266.36990512 -0.79053226 0.03293752 0.61153402 5405.65622015 0.00000000 0.00000000 0.00000000 1.00000000
0.54607220 0.48968299 0.67971739 -3137.47677851 -0.27712908 0.87128273 -0.40505047 6051.10591460 -0.79057234 0.03281734 0.61148867 5406.25212030 0.00000000 0.00000000 0.00000000 1.00000000
0.52311580 0.55333331 0.64820684 -3598.43138726 -0.31833995 0.83238436 -0.45364738 5794.66765343 -0.79057544 0.03095998 0.61158152 5406.24792980 0.00000000 0.00000000 0.00000000 1.00000000
0.49617093 0.61693279 0.61090781 -4052.13830396 -0.35895212 0.78643933 -0.50265948 5493.72360407 -0.79054904 0.03011837 0.61165766 5406.54334158 0.00000000 0.00000000 0.00000000 1.00000000
0.46938275 0.66987820 0.57527648 -4437.03623401 -0.39332786 0.74191989 -0.54299915 5194.76710771 -0.79055236 0.02860217 0.61172615 5406.83882858 0.00000000 0.00000000 0.00000000 1.00000000
0.43940447 0.71984167 0.53735619 -4809.57858594 -0.42656925 0.69365807 -0.58041119 4860.17777435 -0.79054562 0.02581565 0.61185878 5407.83371772 0.00000000 0.00000000 0.00000000 1.00000000
0.40630808 0.76763756 0.49562719 -5164.11290769 -0.45810712 0.64045690 -0.61640313 4491.83744495 -0.79060205 0.02339923 0.61188305 5408.12778873 0.00000000 0.00000000 0.00000000 1.00000000
0.36908777 0.81273325 0.45082023 -5506.30080299 -0.48832473 0.58230111 -0.64997260 4079.42114303 -0.79076746 0.01975027 0.61179796 5407.81992979 0.00000000 0.00000000 0.00000000 1.00000000
0.32859318 0.85590200 0.39932229 -5824.19795236 -0.51630326 0.51681700 -0.68288443 3627.14029459 -0.79085869 0.01821977 0.61172753 5408.41205048 0.00000000 0.00000000 0.00000000 1.00000000
0.29072489 0.88879641 0.35428800 -6075.16758343 -0.53836833 0.45805977 -0.70734771 3205.58306840 -0.79097318 0.01490615 0.61166922 5408.70477206 0.00000000 0.00000000 0.00000000 1.00000000
0.25031402 0.91883737 0.30509143 -6301.73953628 -0.55819683 0.39444102 -0.72995382 2754.92437483 -0.79104942 0.01241660 0.61162623 5409.59647799 0.00000000 0.00000000 0.00000000 1.00000000
0.20650881 0.94518808 0.25293003 -6502.73288087 -0.57573542 0.32639702 -0.74966240 2265.27878264 -0.79112757 0.00919111 0.61158212 5410.18830767 0.00000000 0.00000000 0.00000000 1.00000000
0.15997937 0.96756951 0.19548875 -6670.47818472 -0.59006398 0.25249855 -0.76685656 1744.07845932 -0.79134765 0.00733036 0.61132248 5409.87964914 0.00000000 0.00000000 0.00000000 1.00000000
0.11073264 0.98464511 0.13495291 -6800.50221807 -0.60106029 0.17448915 -0.77992312 1192.42911467 -0.79149530 0.00524811 0.61115272 5409.86992050 0.00000000 0.00000000 0.00000000 1.00000000
0.06707978 0.99468140 0.07816149 -6876.12710887 -0.60731821 0.10285926 -0.78777190 701.70025605 -0.79162169 0.00537467 0.61098790 5409.56204833 0.00000000 0.00000000 0.00000000 1.00000000
0.02230949 0.99957134 0.01895829 -6916.10153698 -0.61040861 0.02863697 -0.79156886 196.95451221 -0.79177245 0.00608719 0.61078583 5409.55455979 0.00000000 0.00000000 0.00000000 1.00000000
-0.02481901 0.99893135 -0.03898939 -6918.23840693 -0.61010563 -0.04603131 -0.79098182 -333.46916948 -0.79193127 0.00415626 0.61059609 5409.24655479 0.00000000 0.00000000 0.00000000 1.00000000
-0.07326577 0.99175440 -0.10514437 -6877.05133926 -0.60609466 -0.12800243 -0.78502525 -880.58097743 -0.79201098 0.00621196 0.61047524 5409.83880638 0.00000000 0.00000000 0.00000000 1.00000000
-0.12259289 0.97804021 -0.16854774 -6789.33229351 -0.59762895 -0.20833521 -0.77423257 -1436.61017062 -0.79234502 0.00581360 0.61004555 5410.73133963 0.00000000 0.00000000 0.00000000 1.00000000
-0.17235320 0.95681889 -0.23407688 -6651.60370048 -0.58510823 -0.29061266 -0.75709487 -2000.22545775 -0.79242838 0.00647258 0.60993063 5411.62393936 0.00000000 0.00000000 0.00000000 1.00000000
-0.22226741 0.92693327 -0.30231095 -6460.38392327 -0.56795953 -0.37512144 -0.73260213 -2566.65206028 -0.79247660 0.00886681 0.60983786 5411.61680420 0.00000000 0.00000000 0.00000000 1.00000000
-0.26203984 0.89646307 -0.35733609 -6266.50529025 -0.55057860 -0.44297349 -0.70755756 -3017.48659664 -0.79258964 0.01133333 0.60965008 5411.61200009 0.00000000 0.00000000 0.00000000 1.00000000
-0.30133161 0.86047910 -0.41082233 -6035.27744513 -0.53016935 -0.50930587 -0.67788494 -3462.23501221 -0.79254004 0.01353725 0.60966960 5412.50806328 0.00000000 0.00000000 0.00000000 1.00000000
-0.33971766 0.81894530 -0.46251541 -5766.32616726 -0.50649962 -0.57366001 -0.64371758 -3896.67457168 -0.79249608 0.01558165 0.60967792 5412.80514062 0.00000000 0.00000000 0.00000000 1.00000000
-0.37705568 0.76980350 -0.51500639 -5459.64496972 -0.47963029 -0.63797205 -0.60245037 -4316.91574449 -0.79232808 0.01985533 0.60977207 5412.80322735 0.00000000 0.00000000 0.00000000 1.00000000
-0.41200351 0.71606108 -0.56347993 -5122.98226823 -0.45007108 -0.69762718 -0.55745164 -4712.17954460 -0.79226834 0.02393399 0.60970323 5412.20149123 0.00000000 0.00000000 0.00000000 1.00000000
-0.44597941 0.65497453 -0.61000880 -4741.83090428 -0.41636025 -0.75512662 -0.50638713 -5094.79617200 -0.79230455 0.02814518 0.60947629 5412.20076847 0.00000000 0.00000000 0.00000000 1.00000000
-0.47721448 0.58860221 -0.65254408 -4334.06812275 -0.38060307 -0.80772844 -0.45024001 -5444.20940009 -0.79209068 0.03349923 0.60948352 5412.20090528 0.00000000 0.00000000 0.00000000 1.00000000
-0.50604615 0.51640166 -0.69083038 -3888.56157198 -0.34144708 -0.85546467 -0.38935085 -5767.85991109 -0.79204241 0.03885251 0.60922844 5412.20232053 0.00000000 0.00000000 0.00000000 1.00000000
-0.53185698 0.44017988 -0.72344304 -3419.73045177 -0.30012717 -0.89681819 -0.32502433 -6053.85618549 -0.79186605 0.04425845 0.60908895 5412.50467967 0.00000000 0.00000000 0.00000000 1.00000000
-0.55444625 0.35941584 -0.75060617 -2924.10959955 -0.25648424 -0.93182774 -0.25673507 -6304.19387926 -0.79171030 0.05017285 0.60883289 5412.50753630 0.00000000 0.00000000 0.00000000 1.00000000
-0.57321043 0.27883789 -0.77050583 -2418.59003086 -0.21183319 -0.95878118 -0.18938148 -6510.64777117 -0.79155322 0.05466327 0.60865050 5412.51091955 0.00000000 0.00000000 0.00000000 1.00000000
-0.58852352 0.19438241 -0.78476464 -1895.41907747 -0.16550043 -0.97907689 -0.11839783 -6677.54797476 -0.79135938 0.06019898 0.60838015 5412.21451309 0.00000000 0.00000000 0.00000000 1.00000000
-0.60012178 0.10960651 -0.79236372 -1359.34999532 -0.11803173 -0.99185835 -0.04780724 -6802.44923860 -0.79115255 0.06483389 0.60817284 5412.81870121 0.00000000 0.00000000 0.00000000 1.00000000
-0.60756557 0.02634611 -0.79383245 -823.90107471 -0.07059950 -0.99728502 0.02093546 -6883.12546445 -0.79112565 0.06876384 0.60777606 5412.52339098 0.00000000 0.00000000 0.00000000 1.00000000
-0.61035075 -0.05743850 -0.79004606 -289.53697555 -0.02308438 -0.99565423 0.09022063 -6921.35494864 -0.79179484 0.07330395 0.60637238 5412.82846618 0.00000000 0.00000000 0.00000000 1.00000000
-0.61099206 -0.09679177 -0.78569718 -28.60710472 0.00001696 -0.99249873 0.12225493 -6924.91234429 -0.79163672 0.07468347 0.60641049 5412.53108975 0.00000000 0.00000000 0.00000000 1.00000000
-0.60935446 -0.17741638 -0.77279400 500.37285977 0.04694055 -0.98100745 0.18820457 -6902.13653430 -0.79150725 0.07840792 0.60610929 5412.83631531 0.00000000 0.00000000 0.00000000 1.00000000
-0.60417431 -0.25439622 -0.75515294 1013.09501570 0.09247055 -0.96365069 0.25065222 -6840.91357681 -0.79146863 0.08160823 0.60573716 5413.44172935 0.00000000 0.00000000 0.00000000 1.00000000
-0.59587657 -0.32685510 -0.73355086 1510.46643782 0.13680542 -0.94138955 0.30833422 -6743.79891834 -0.79133772 0.08337540 0.60566753 5413.44721183 0.00000000 0.00000000 0.00000000 1.00000000
-0.58463331 -0.39629762 -0.70792097 1989.92603666 0.17927961 -0.91411393 0.36366819 -6613.57186498 -0.79124125 0.08569674 0.60546953 5413.15261282 0.00000000 0.00000000 0.00000000 1.00000000
-0.57063376 -0.46098865 -0.67960766 2444.98873451 0.21982111 -0.88311989 0.41446103 -6454.56771455 -0.79123687 0.08711335 0.60527306 5412.85801811 0.00000000 0.00000000 0.00000000 1.00000000
-0.54971571 -0.53668939 -0.64013838 2986.91943133 0.26809811 -0.83912025 0.47328703 -6216.78790812 -0.79116120 0.08855342 0.60516300 5412.56450036 0.00000000 0.00000000 0.00000000 1.00000000
-0.52554700 -0.60617395 -0.59695351 3490.74064438 0.31301085 -0.79021952 0.52685607 -5942.68183078 -0.79109074 0.09003470 0.60503652 5412.57110560 0.00000000 0.00000000 0.00000000 1.00000000
-0.49862581 -0.66716764 -0.55340730 3954.62694390 0.35434313 -0.73953978 0.57229526 -5638.69663360 -0.79108359 0.08926511 0.60515989 5412.87757075 0.00000000 0.00000000 0.00000000 1.00000000
-0.46956359 -0.72205709 -0.50807833 4378.30565708 0.39213941 -0.68615332 0.61271552 -5310.05618012 -0.79103522 0.08847136 0.60533965 5412.28413738 0.00000000 0.00000000 0.00000000 1.00000000
-0.43866611 -0.77093960 -0.46176203 4762.51103207 0.42644549 -0.63088064 0.64817734 -4961.76315791 -0.79102230 0.08741710 0.60550968 5411.69053522 0.00000000 0.00000000 0.00000000 1.00000000
-0.40643432 -0.81386816 -0.41524663 5108.16030168 0.45725821 -0.57465164 0.67874180 -4598.59638458 -0.79102849 0.08598903 0.60570604 5410.79647027 0.00000000 0.00000000 0.00000000 1.00000000
-0.37319076 -0.85169941 -0.36788146 5416.08092728 0.48477430 -0.51710563 0.70540459 -4224.55771423 -0.79102625 0.08491100 0.60586103 5410.50229470 0.00000000 0.00000000 0.00000000 1.00000000
-0.33225947 -0.89048691 -0.31086444 5739.89306256 0.51379076 -0.44727670 0.73209467 -3763.55665758 -0.79096314 0.08352611 0.60613587 5410.20907707 0.00000000 0.00000000 0.00000000 1.00000000
-0.29095755 -0.92202329 -0.25537570 6013.11132336 0.53817311 -0.37841842 0.75310637 -3299.57937338 -0.79102049 0.08168565 0.60631184 5409.91539656 0.00000000 0.00000000 0.00000000 1.00000000
-0.24965543 -0.94705922 -0.20186877 6241.03686163 0.55856489 -0.31113643 0.76889491 -2834.18116742 -0.79099774 0.07920198 0.60667093 5409.32122338 0.00000000 0.00000000 0.00000000 1.00000000
