500.00000000 0.00000000 320.00000000
0.00000000 500.00000000 240.00000000
0.00000000 0.00000000 1.00000000

0.67002153 0.30063832 -0.67873983
0.48745510 0.51140138 0.70771192
-0.55987380 0.80503741 -0.19610225
987786.30209077 -5125133.42234714 3644098.90174622

0.68065848 0.22591941 -0.69689630
0.52333893 0.51573124 0.67833447
-0.51266012 0.82642707 -0.23280441
987877.23468911 -5124821.74394931 3644510.29665071

0.68680145 0.14804832 -0.71160766
0.55997470 0.51639827 0.64788978
-0.46339195 0.84345393 -0.27175977
987929.41059933 -5124504.31675346 3644939.03575997

0.68826759 0.07062598 -0.72201087
0.59496344 0.51451750 0.61748704
-0.41509785 0.85456639 -0.31210584
987940.80629364 -5124201.46934627 3645358.84117781

0.68549353 -0.00293856 -0.72807278
0.62823273 0.50781976 0.58944273
-0.36799763 0.86145833 -0.34995326
987914.43926881 -5123912.90354098 3645768.27837744

0.67868253 -0.07446084 -0.73064738
0.65997360 0.49830394 0.56225265
-0.32221866 0.86379903 -0.38733237
987854.27954507 -5123638.94335103 3646166.87757287

0.66664230 -0.15483416 -0.72911894
0.69421814 0.48512137 0.53171272
-0.27138389 0.86062979 -0.43089111
987748.35036647 -5123343.45321944 3646607.77416923

0.65045105 -0.23038607 -0.72376494
0.72630761 0.46747114 0.50393253
-0.22224019 0.85345943 -0.47139825
987605.77122251 -5123066.47875802 3647034.18031253

0.63038571 -0.30156594 -0.71531241
0.75616772 0.44694600 0.47796408
-0.17556833 0.84219787 -0.50978280
987430.28144331 -5122809.05422586 3647440.52209330

0.60710396 -0.37054039 -0.70293997
0.78380021 0.42474409 0.45304490
-0.13069817 0.82600985 -0.54829345
987225.80949133 -5122570.82965702 3647828.84686613

0.58080469 -0.43368801 -0.68889812
0.80921505 0.39962405 0.43066417
-0.08852637 0.80759849 -0.58305039
986997.05501289 -5122352.54936548 3648195.81635528

0.54992249 -0.49802381 -0.67049053
0.83398859 0.37092712 0.40850472
-0.04525805 0.78382738 -0.61932734
986741.35665989 -5122149.53893825 3648547.62458989

0.51413161 -0.56228538 -0.64769116
0.85770770 0.33923631 0.38633694
-0.00248875 0.75415773 -0.65668861
986430.59548658 -5121944.53353037 3648916.93741873

0.47547188 -0.62220364 -0.62192373
0.87893573 0.30592969 0.36589479
0.03739613 0.72060367 -0.69233798
986094.36894457 -5121760.98529123 3649263.61948873

0.43411280 -0.67774331 -0.59347290
0.89775816 0.27086335 0.34736629
0.07467512 0.68359129 -0.72603483
985734.61956305 -5121597.39040906 3649587.16618847

0.39020845 -0.72992621 -0.56119969
0.91423403 0.23490864 0.33014249
0.10914900 0.64189225 -0.75898672
985354.81430983 -5121455.84751896 3649885.28222722

0.34416900 -0.77660789 -0.52766267
0.92826702 0.19707959 0.31540446
0.14095405 0.59836429 -0.78872817
984955.04521839 -5121335.39701639 3650160.84903579

0.29611791 -0.81753532 -0.49391313
0.93989725 0.15735902 0.30303679
0.17002160 0.55396221 -0.81499603
984538.33574352 -5121236.31335244 3650412.15345189

0.24568777 -0.85570838 -0.45541266
0.94924983 0.11721208 0.29186656
0.19637280 0.50400843 -0.84107861
984100.13062209 -5121156.14686575 3650640.70495090

0.19381325 -0.88750513 -0.41805631
0.95610772 0.07542138 0.28314245
0.21976000 0.45458362 -0.86316816
983650.69294392 -5121098.08108308 3650841.92154845

0.14066311 -0.91554904 -0.37680743
0.96051431 0.03391561 0.27615573
0.24005446 0.40077386 -0.88416863
983189.44170153 -5121060.55609112 3651017.09551008

0.08666482 -0.93839555 -0.33451905
0.96248478 -0.00779618 0.27122364
0.25712302 0.34547504 -0.90251579
982721.07373096 -5121044.85099683 3651164.74811143

0.03089736 -0.95588081 -0.29212536
0.96203080 -0.05085618 0.26816113
0.27118646 0.28931906 -0.91801546
982237.51760120 -5121050.52468878 3651286.08762315

-0.02567878 -0.96882694 -0.24640405
0.95906691 -0.09341066 0.26732960
0.28201288 0.22945327 -0.93156853
981747.89018621 -5121077.70614673 3651379.01989244

-0.08302100 -0.97605387 -0.20106306
0.95359712 -0.13640328 0.26841510
0.28941326 0.16944907 -0.94208650
981251.32042336 -5121126.23677760 3651444.00078563

-0.14117397 -0.97810969 -0.15287692
0.94539616 -0.17902104 0.27235559
0.29376183 0.10607974 -0.94997425
980747.80952205 -5121196.63591709 3651480.30535570

-0.19965300 -0.97402033 -0.10687876
0.93466207 -0.22205368 0.27766703
0.29418615 0.04445846 -0.95471354
980242.08686114 -5121289.88198447 3651485.30023729

-0.25825184 -0.96434807 -0.05778223
0.92117931 -0.26383068 0.28604554
0.29109218 -0.02064399 -0.95647225
979734.49014167 -5121406.32009017 3651457.37001656

-0.31645824 -0.94857135 -0.00815888
0.90508660 -0.30450397 0.29680898
0.28402890 -0.08654316 -0.95490202
979230.78166400 -5121545.54262757 3651396.58751168

-0.36868517 -0.92883533 0.03655370
0.88812684 -0.34037277 0.30883181
0.27441201 -0.14632603 -0.95041398
978778.60132301 -5121692.66990774 3651313.07955944

-0.42046776 -0.90386007 0.07901799
0.86886774 -0.37604264 0.32196395
0.26129622 -0.20403164 -0.94344866
978330.12699974 -5121859.25792204 3651200.36654078

-0.47160054 -0.87304696 0.12402389
0.84721988 -0.40958913 0.33831230
0.24456369 -0.26462377 -0.93282520
977886.69114133 -5122046.48227996 3651056.44980966

-0.52183988 -0.83692190 0.16506024
0.82302600 -0.44308352 0.35539441
0.22430189 -0.32130784 -0.92002714
977450.56609225 -5122255.57926735 3650880.03860676

-0.57089260 -0.79429952 0.20777368
0.79627499 -0.47399225 0.37586897
0.20006943 -0.38002580 -0.90307952
977025.57626809 -5122487.16337211 3650670.29546643

-0.61858380 -0.74545998 0.24828108
0.76676230 -0.50373667 0.39790067
0.17155074 -0.43650748 -0.88319395
976612.47349709 -5122742.29296537 3650423.97785519

-0.65843271 -0.69730682 0.28324822
0.73887674 -0.52722991 0.41963054
0.14327430 -0.48558400 -0.86236921
976266.73731853 -5122983.36102898 3650179.28585668

-0.69638033 -0.64333636 0.31807666
0.70894189 -0.54773166 0.44428755
0.11160568 -0.53489098 -0.83751765
975936.88358879 -5123241.67910339 3649905.04671797

-0.73185432 -0.58458324 0.35021664
0.67712139 -0.56590762 0.47037771
0.07678466 -0.58138714 -0.80999575
975628.47570227 -5123516.24580302 3649603.60522611

-0.76531625 -0.51848661 0.38139569
0.64254243 -0.58060846 0.50003305
0.03781888 -0.62774633 -0.77749873
975337.05480918 -5123813.88061103 3649266.45949991

-0.79535424 -0.44841553 0.40784206
0.60612593 -0.59369284 0.52928270
-0.00479433 -0.66817088 -0.74399239
975073.66558789 -5124128.75131537 3648896.19004166

-0.81832258 -0.38206597 0.42938765
0.57302496 -0.60032266 0.55790241
-0.04461561 -0.70259398 -0.71019092
974872.73238816 -5124413.91689765 3648551.22225145

-0.83802355 -0.31231114 0.44741287
0.53861787 -0.60457706 0.58683674
-0.08721990 -0.73276758 -0.67486618
974698.81780724 -5124710.45815348 3648182.10722172

-0.85435526 -0.23675187 0.46262904
0.50226725 -0.60473200 0.61808318
-0.13343424 -0.76042604 -0.63556868
974554.28937549 -5125024.46108972 3647781.27662253

-0.86657763 -0.15828120 0.47327612
0.46452644 -0.60241210 0.64908771
-0.18236888 -0.78233415 -0.59556264
974445.96806953 -5125350.76637961 3647355.15491255

-0.87402124 -0.07568081 0.47995759
0.42564361 -0.59565906 0.68118852
-0.23433819 -0.79966412 -0.55283172
974377.94324586 -5125686.94457566 3646903.95640561

-0.87617437 -0.00453839 0.48197289
0.39200126 -0.58854191 0.70707385
-0.28045227 -0.80845397 -0.51744439
974356.80259500 -5125978.70898795 3646502.75741237

-0.87419985 0.06744835 0.48085897
0.35824743 -0.57889117 0.73249150
-0.32777035 -0.81261045 -0.48190337
974372.14667404 -5126271.44917942 3646089.92093091

-0.86758950 0.14477878 0.47573896
0.32354558 -0.56215589 0.76111695
-0.37763305 -0.81426032 -0.44087801
974427.47749644 -5126571.82595821 3645656.25489116

-0.85587266 0.22051880 0.46781775
0.28888107 -0.54644950 0.78609202
-0.42898684 -0.80793837 -0.40398748
974527.02637162 -5126872.76319796 3645208.42137870

-0.83893961 0.29901900 0.45471746
0.25417076 -0.52353390 0.81320937
-0.48122506 -0.79780943 -0.36321144
974673.19573780 -5127169.74863064 3644753.12141115

-0.81616418 0.37666717 0.43817562
0.22054627 -0.49784201 0.83875663
-0.53407431 -0.78120111 -0.32324827
974869.30328405 -5127461.61725466 3644291.61660016

-0.78737177 0.45263614 0.41852864
0.18799332 -0.47027245 0.86226581
-0.58711516 -0.75760434 -0.28518668
975118.39038551 -5127745.73915046 3643828.33001118

-0.75983282 0.51241496 0.40010622
0.16279447 -0.44586181 0.88017339
-0.62940610 -0.73391972 -0.25536212
975357.58359582 -5127964.04138612 3643459.58694944

-0.72815505 0.57109753 0.37899583
0.13903350 -0.41838094 0.89756731
-0.67116311 -0.70626128 -0.22524451
975632.66285253 -5128171.15794925 3643095.30353745

-0.69246443 0.62807046 0.35499369
0.11672919 -0.38803392 0.91422315
-0.71194615 -0.67450514 -0.19538553
975943.76954881 -5128365.83720006 3642739.79654485

-0.65263851 0.68164722 0.33078702
0.09627777 -0.35843545 0.92857666
-0.75152749 -0.63787232 -0.16830130
976290.44314136 -5128545.63905932 3642396.07469236

-0.60993221 0.73159325 0.30455542
0.07799518 -0.32703298 0.94178882
-0.78860601 -0.59818120 -0.14240720
976663.95360138 -5128706.17124924 3642073.12738924

-0.56221951 0.77988948 0.27510294
0.06120681 -0.29250312 0.95430375
-0.82471992 -0.55336636 -0.11671641
977079.69853935 -5128850.70872938 3641760.17865670

-0.51196525 0.82305567 0.24590842
0.04756184 -0.25867132 0.96479377
-0.85768844 -0.50563674 -0.09328468
977517.98808263 -5128971.47938506 3641474.38709815

-0.45796339 0.86279290 0.21414469
0.03609926 -0.22264251 0.97423157
-0.88823779 -0.45389286 -0.07081593
977990.56089419 -5129070.59415140 3641209.66660230

-0.40153818 0.89778022 0.18099105
0.02771696 -0.18561954 0.98223071
-0.91542278 -0.39941965 -0.04964960
978481.92243997 -5129143.80401941 3640975.57105295

-0.34268852 0.92789736 0.14687092
0.02221573 -0.14828945 0.98869444
-0.93918637 -0.34207708 -0.03020317
978995.78431321 -5129192.06746938 3640770.81362399

-0.28315378 0.95274881 0.10997107
0.01976916 -0.10884129 0.99386254
-0.95887075 -0.28358997 -0.01198378
979514.62082554 -5129213.67170539 3640601.94925746

-0.22201871 0.97228563 0.07326900
0.02035604 -0.07050605 0.99730363
-0.97482990 -0.22291153 0.00413822
980046.56098560 -5129209.84704863 3640465.60905647

-0.16004005 0.98652151 0.03409538
0.02396808 -0.03064678 0.99924287
-0.98681949 -0.16073608 0.01874031
980586.48717700 -5129179.14122160 3640363.10241464

-0.09874232 0.99509355 -0.00622727
0.03013382 0.00924501 0.99950312
-0.99465668 -0.09850560 0.03089884
981121.15826204 -5129124.28426968 3640297.28575380

-0.03773145 0.99824439 -0.04565597
0.03793458 0.04708643 0.99817024
-0.99856763 -0.03593047 0.03964462
981650.07957291 -5129045.16352966 3640265.84163815

-0.00830561 0.99775825 -0.06640398
0.04349998 0.06670392 0.99682413
-0.99901890 -0.00539066 0.04395648
981906.78574403 -5128998.34918419 3640263.10306996

0.05108797 0.99291801 -0.10725595
0.05645587 0.10435317 0.99293663
-0.99709716 0.05678234 0.05072486
982423.81927086 -5128885.76833734 3640281.55621541

0.10824178 0.98304988 -0.14797514
0.07142923 0.14077428 0.98746163
-0.99155513 0.11745435 0.05498084
982920.67953369 -5128754.27793975 3640331.28327833

0.16332550 0.96804569 -0.19029536
0.08861027 0.17771198 0.98008503
-0.98258486 0.17693500 0.05675389
983398.67231495 -5128605.87453504 3640410.71198218

0.21562672 0.94892769 -0.23030707
0.10739645 0.21137815 0.97148612
-0.97055197 0.23421253 0.05633269
983855.53676284 -5128442.36932220 3640517.39656757

0.26518290 0.92555718 -0.27022573
0.12750608 0.24413565 0.96132200
-0.95573021 0.28938158 0.05327357
984285.32632444 -5128267.19039735 3640647.61846532

0.32348473 0.89090119 -0.31883020
0.15471074 0.28261494 0.94667491
-0.93349998 0.35556133 0.04641036
984791.91213518 -5128031.16264463 3640842.27179552

0.37703809 0.85141532 -0.36460147
0.18344806 0.31720652 0.93044443
-0.90784861 0.41769842 0.03659155
985257.09223167 -5127781.53267727 3641066.46437705

0.42575788 0.80644349 -0.41034025
0.21318701 0.35132558 0.91165873
-0.87936428 0.47562509 0.02234364
985679.77124995 -5127522.28705185 3641314.92311833

0.46959788 0.75795584 -0.45274804
0.24370656 0.38159975 0.89162141
-0.84857819 0.52904119 0.00552037
986060.43102568 -5127257.39269926 3641584.06558791

0.50881442 0.70638473 -0.49206555
0.27464565 0.40852206 0.87044787
-0.81589071 0.57804009 -0.01385642
986400.19553545 -5126988.81565619 3641869.28235056

0.54344980 0.65236875 -0.52827771
0.30567577 0.43232185 0.84832785
-0.78180857 0.62250529 -0.03553190
986700.52881626 -5126719.32506329 3642166.83749327

0.57373782 0.59700462 -0.56072310
0.33665809 0.45220502 0.82593702
-0.74665001 0.66264327 -0.05846069
986962.53802753 -5126450.30338716 3642472.93982275

0.60469962 0.52875797 -0.59561177
0.37370900 0.47202712 0.79845600
-0.70333488 0.70541152 -0.08783301
987230.74738935 -5126129.15280782 3642850.16972982

0.63003237 0.45962733 -0.62594083
0.40973030 0.48796558 0.77072088
-0.65968196 0.74204603 -0.11911087
987448.94343148 -5125815.83413457 3643229.83421424

0.65008905 0.38973189 -0.65229846
0.44489115 0.50070313 0.74254174
-0.61600008 0.77292007 -0.15211336
987622.54714682 -5125510.47045829 3643610.83378035

