500.00000000 0.00000000 320.00000000
0.00000000 500.00000000 240.00000000
0.00000000 0.00000000 1.00000000

-0.67002153 -0.12364964 -0.73197125
-0.48745510 -0.67037965 0.55944494
0.55987380 -0.73164328 -0.38889515
987786.30209077 -5125133.42234714 3644098.90174622

-0.68065848 -0.05171110 -0.73077356
-0.52333893 -0.66371438 0.53441518
0.51266012 -0.74619648 -0.42470038
987877.23468911 -5124821.74394931 3644510.29665071

-0.68680145 0.02241738 -0.72649929
-0.55997470 -0.65355480 0.50920965
0.46339195 -0.75654715 -0.46141555
987929.41059933 -5124504.31675346 3644939.03575997

-0.68826759 0.09282275 -0.71949403
-0.59496344 -0.63970862 0.48661215
0.41509785 -0.76299202 -0.49551685
987940.80629364 -5124201.46934627 3645358.84117781

-0.68549353 0.16233617 -0.70975037
-0.62823273 -0.62459404 0.46390292
0.36799763 -0.76389086 -0.53014007
987914.43926881 -5123912.90354098 3645768.27837744

-0.67868253 0.22915692 -0.69776581
-0.65997360 -0.60712178 0.44253587
0.32221866 -0.76084838 -0.56328046
987854.27954507 -5123638.94335103 3646166.87757287

-0.66664230 0.30114014 -0.68183771
-0.69421814 -0.58389661 0.42086331
0.27138389 -0.75390939 -0.59830713
987748.35036647 -5123343.45321944 3646607.77416923

-0.65045105 0.37135242 -0.66257891
-0.72630761 -0.55933655 0.39952457
0.22224019 -0.74110728 -0.63353714
987605.77122251 -5123066.47875802 3647034.18031253

-0.63038571 0.43787618 -0.64099790
-0.75616772 -0.53311847 0.37946684
0.17556833 -0.72391239 -0.66717809
987430.28144331 -5122809.05422586 3647440.52209330

-0.60710396 0.49973829 -0.61780776
-0.78380021 -0.50448750 0.36214580
0.13069817 -0.70409800 -0.69797134
987225.80949133 -5122570.82965702 3647828.84686613

-0.58080469 0.55880240 -0.59195083
-0.80921505 -0.47541014 0.34519011
0.08852637 -0.67950356 -0.72831175
986997.05501289 -5122352.54936548 3648195.81635528

-0.54992249 0.61759503 -0.56228253
-0.83398859 -0.44251917 0.32960555
0.04525805 -0.65019472 -0.75841845
986741.35665989 -5122149.53893825 3648547.62458989

-0.51413161 0.67426503 -0.53012768
-0.85770770 -0.40596146 0.31548820
0.00248875 -0.61689705 -0.78703992
986430.59548658 -5121944.53353037 3648916.93741873

-0.47547188 0.72604169 -0.49677959
-0.87893573 -0.36804772 0.30333620
-0.03739613 -0.58086517 -0.81314032
986094.36894457 -5121760.98529123 3649263.61948873

-0.43411280 0.77345216 -0.46186344
-0.89775816 -0.32893572 0.29297028
-0.07467512 -0.54182382 -0.83716819
985734.61956305 -5121597.39040906 3649587.16618847

-0.39020845 0.81561825 -0.42720515
-0.91423403 -0.28822151 0.28478852
-0.10914900 -0.50169237 -0.85813243
985354.81430983 -5121455.84751896 3649885.28222722

-0.34416900 0.85402977 -0.39010364
-0.92826702 -0.24713281 0.27793113
-0.14095405 -0.45777563 -0.87782312
984955.04521839 -5121335.39701639 3650160.84903579

-0.29611791 0.88878596 -0.34981954
-0.93989725 -0.20594922 0.27235653
-0.17002160 -0.40944407 -0.89635273
984538.33574352 -5121236.31335244 3650412.15345189

-0.24568777 0.91812228 -0.31094856
-0.94924983 -0.16289451 0.26905415
-0.19637280 -0.36127118 -0.91154861
984100.13062209 -5121156.14686575 3650640.70495090

-0.19381325 0.94362414 -0.26834660
-0.95610772 -0.12041075 0.26713158
-0.21976000 -0.30834190 -0.92554353
983650.69294392 -5121098.08108308 3650841.92154845

-0.14066311 0.96349382 -0.22780155
-0.96051431 -0.07701568 0.26735901
-0.24005446 -0.25641420 -0.93628287
983189.44170153 -5121060.55609112 3651017.09551008

-0.08666482 0.97853885 -0.18695168
-0.96248478 -0.03380776 0.26922124
-0.25712302 -0.20327015 -0.94475870
982721.07373096 -5121044.85099683 3651164.74811143

-0.03089736 0.98918490 -0.14338269
-0.96203080 0.00948976 0.27277589
-0.27118646 -0.14636662 -0.95133313
982237.51760120 -5121050.52468878 3651286.08762315

0.02567878 0.99446476 -0.10188440
-0.95906691 0.05325918 0.27812610
-0.28201288 -0.09057202 -0.95512588
981747.89018621 -5121077.70614673 3651379.01989244

0.08302100 0.99481645 -0.05871746
-0.95359712 0.09641637 0.28523044
-0.28941326 -0.03231268 -0.95665869
981251.32042336 -5121126.23677760 3651444.00078563

0.14117397 0.98983662 -0.01712840
-0.94539616 0.13992934 0.29435672
-0.29376183 0.02536238 -0.95554212
980747.80952205 -5121196.63591709 3651480.30535570

0.19965300 0.97948748 0.02725718
-0.93466207 0.18201704 0.30541220
-0.29418615 0.08645271 -0.95183005
980242.08686114 -5121289.88198447 3651485.30023729

0.25825184 0.96363285 0.06868570
-0.92117931 0.22420383 0.31805867
-0.29109218 0.14541108 -0.94557969
979734.49014167 -5121406.32009017 3651457.37001656

0.31645824 0.94230991 0.10911561
-0.90508660 0.26549458 0.33216090
-0.28402890 0.20387413 -0.93689003
979230.78166400 -5121545.54262757 3651396.58751168

0.36868517 0.91815643 0.14512068
-0.88812684 0.30184728 0.34658178
-0.27441201 0.25666514 -0.92672599
978778.60132301 -5121692.66990774 3651313.07955944

0.42046776 0.88870502 0.18278472
-0.86886774 0.33638012 0.36320417
-0.26129622 0.31153139 -0.91360412
978330.12699974 -5121859.25792204 3651200.36654078

0.47160054 0.85467495 0.21707984
-0.84721988 0.37088169 0.38034885
-0.24456369 0.36328708 -0.89900562
977886.69114133 -5122046.48227996 3651056.44980966

0.52183988 0.81444865 0.25368591
-0.82302600 0.40250145 0.40077522
-0.22430189 0.41793059 -0.88035372
977450.56609225 -5122255.57926735 3650880.03860676

0.57089260 0.76925647 0.28692529
-0.79627499 0.43361127 0.42181442
-0.20006943 0.46928217 -0.86008515
977025.57626809 -5122487.16337211 3650670.29546643

0.61858380 0.71746193 0.32031619
-0.76676230 0.46220889 0.44546438
-0.17155074 0.52116343 -0.83603769
976612.47349709 -5122742.29296537 3650423.97785519

0.65843271 0.66783501 0.34707747
-0.73887674 0.48577440 0.46699506
-0.14327430 0.56393229 -0.81329751
976266.73731853 -5122983.36102898 3650179.28585668

0.69638033 0.61425693 0.37113724
-0.70894189 0.50836072 0.48884638
-0.11160568 0.60353774 -0.78948488
975936.88358879 -5123241.67910339 3649905.04671797

0.73185432 0.55612956 0.39383902
-0.67712139 0.52833166 0.51222288
-0.07678466 0.64154935 -0.76322902
975628.47570227 -5123516.24580302 3649603.60522611

0.76531625 0.49280800 0.41404265
-0.64254243 0.54714869 0.53643969
-0.03781888 0.67658599 -0.73539183
975337.05480918 -5123813.88061103 3649266.45949991

0.79535424 0.42334776 0.43380676
-0.60612593 0.56113995 0.56367837
0.00479433 0.71126551 -0.70290710
975073.66558789 -5124128.75131537 3648896.19004166

0.81832258 0.36069683 0.44748850
-0.57302496 0.57243444 0.58648206
0.04461561 0.73635359 -0.67512431
974872.73238816 -5124413.91689765 3648551.22225145

0.83802355 0.29389548 0.45971945
-0.53861787 0.58026205 0.61089012
0.08721990 0.75955342 -0.64457062
974698.81780724 -5124710.45815348 3648182.10722172

0.85435526 0.22274293 0.46953452
-0.50226725 0.58588547 0.63597628
0.13343424 0.77918149 -0.61243082
974554.28937549 -5125024.46108972 3647781.27662253

0.86657763 0.14688722 0.47693539
-0.46452644 0.58667472 0.66334603
0.18236888 0.79638993 -0.57663218
974445.96806953 -5125350.76637961 3647355.15491255

0.87402124 0.06742725 0.48118649
-0.42564361 0.58387303 0.69131743
0.23433819 0.80904008 -0.53901741
974377.94324586 -5125686.94457566 3646903.95640561

0.87617437 -0.00394118 0.48197815
-0.39200126 0.57601198 0.71731807
0.28045227 0.81743175 -0.50314199
974356.80259500 -5125978.70898795 3646502.75741237

0.87419985 -0.07701864 0.47941919
-0.35824743 0.56417738 0.74388350
0.32777035 0.82205354 -0.46561205
974372.14667404 -5126271.44917942 3646089.92093091

0.86758950 -0.15124167 0.47372399
-0.32354558 0.55174260 0.76869914
0.37763305 0.82018660 -0.42975251
974427.47749644 -5126571.82595821 3645656.25489116

0.85587266 -0.22999283 0.46323351
-0.28888107 0.53034006 0.79704903
0.42898684 0.81599187 -0.38746298
974527.02637162 -5126872.76319796 3645208.42137870

0.83893961 -0.30763062 0.44893622
-0.25417076 0.50794081 0.82303910
0.48122506 0.80458656 -0.34794095
974673.19573780 -5127169.74863064 3644753.12141115

0.81616418 -0.38588113 0.43008346
-0.22054627 0.47993012 0.84913274
0.53407431 0.78788503 -0.30659713
974869.30328405 -5127461.61725466 3644291.61660016

0.78737177 -0.46461273 0.40519220
-0.18799332 0.44500494 0.87557360
0.58711516 0.76557535 -0.26304023
975118.39038551 -5127745.73915046 3643828.33001118

0.75983282 -0.52693165 0.38078487
-0.16279447 0.41284039 0.89613658
0.62940610 0.74290366 -0.22790812
975357.58359582 -5127964.04138612 3643459.58694944

0.72815505 -0.58735701 0.35327323
-0.13903350 0.37812865 0.91525319
0.67116311 0.71556305 -0.19367398
975632.66285253 -5128171.15794925 3643095.30353745

0.69246443 -0.64538395 0.32244778
-0.11672919 0.34082791 0.93285081
0.71194615 0.68360507 -0.16067606
975943.76954881 -5128365.83720006 3642739.79654485

0.65263851 -0.70172256 0.28574188
-0.09627777 0.29726779 0.94992760
0.75152749 0.64746992 -0.12644813
976290.44314136 -5128545.63905932 3642396.07469236

0.60993221 -0.75321595 0.24626902
-0.07799518 0.25220028 0.96452671
0.78860601 0.60750371 -0.09507786
976663.95360138 -5128706.17124924 3642073.12738924

0.56221951 -0.80192433 0.20205591
-0.06120681 0.20330765 0.97719994
0.82471992 0.56176806 -0.06522030
977079.69853935 -5128850.70872938 3641760.17865670

0.51196525 -0.84504827 0.15422391
-0.04756184 0.15137607 0.98733133
0.85768844 0.51281450 -0.03730724
977517.98808263 -5128971.47938506 3641474.38709815

0.45796339 -0.88300610 0.10280931
-0.03609926 0.09708223 0.99462148
0.88823779 0.45921157 -0.01258424
977990.56089419 -5129070.59415140 3641209.66660230

0.40153818 -0.91451421 0.04930363
-0.02771696 0.04167505 0.99874669
0.91542278 0.40240148 0.00861343
978481.92243997 -5129143.80401941 3640975.57105295

0.34268852 -0.93942292 -0.00701168
-0.02221573 -0.01556506 0.99963203
0.93918637 0.34240665 0.02620394
978995.78431321 -5129192.06746938 3640770.81362399

0.28315378 -0.95709724 -0.06155336
-0.01976916 -0.06999087 0.99735172
0.95887075 0.28118705 0.03873919
979514.62082554 -5129213.67170539 3640601.94925746

0.22201871 -0.96779018 -0.11870075
-0.02035604 -0.12631316 0.99178154
0.97482990 0.21777778 0.04774426
980046.56098560 -5129209.84704863 3640465.60905647

0.16004005 -0.97153858 -0.17464242
-0.02396808 -0.18069534 0.98324703
0.98681949 0.15317306 0.05220440
980586.48717700 -5129179.14122160 3640363.10241464

0.09874232 -0.96854849 -0.22839389
-0.03013382 -0.23232055 0.97217237
0.99465668 0.08911217 0.05212593
981121.15826204 -5129124.28426968 3640297.28575380

0.03773145 -0.95860786 -0.28221854
-0.03793458 -0.28359012 0.95819498
0.99856763 0.02544825 0.04706465
981650.07957291 -5129045.16352966 3640265.84163815

0.00830561 -0.95183156 -0.30650888
-0.04349998 -0.30657320 0.95085258
0.99901890 -0.00543572 0.04395094
981906.78574403 -5128998.34918419 3640263.10306996

-0.05108797 -0.93293953 -0.35639003
-0.05645587 -0.35358755 0.93369619
0.99709716 -0.06782095 0.03460584
982423.81927086 -5128885.76833734 3640281.55621541

-0.10824178 -0.90883826 -0.40286068
-0.07142923 -0.39708413 0.91499839
0.99155513 -0.12781708 0.02193652
982920.67953369 -5128754.27793975 3640331.28327833

-0.16332550 -0.88062197 -0.44478053
-0.08861027 -0.43591819 0.89561351
0.98258486 -0.18568865 0.00683559
983398.67231495 -5128605.87453504 3640410.71198218

-0.21562672 -0.84774095 -0.48460335
-0.10739645 -0.47267826 0.87466638
0.97055197 -0.24064612 -0.01087770
983855.53676284 -5128442.36932220 3640517.39656757

-0.26518290 -0.81178567 -0.52027114
-0.12750608 -0.50532591 0.85345645
0.95573021 -0.29265979 -0.03049618
984285.32632444 -5128267.19039735 3640647.61846532

-0.32348473 -0.76219561 -0.56072764
-0.15471074 -0.54201132 0.82600745
0.93349998 -0.35395139 -0.05741254
984791.91213518 -5128031.16264463 3640842.27179552

-0.37703809 -0.70836378 -0.59671018
-0.18344806 -0.57437968 0.79776863
0.90784861 -0.41025448 -0.08661505
985257.09223167 -5127781.53267727 3641066.46437705

-0.42575788 -0.65361931 -0.62570923
-0.21318701 -0.59958687 0.77139282
0.87936428 -0.46181964 -0.11593569
985679.77124995 -5127522.28705185 3641314.92311833

-0.46959788 -0.59668070 -0.65073034
-0.24370656 -0.62081175 0.74511736
0.84857819 -0.50849278 -0.14611688
986060.43102568 -5127257.39269926 3641584.06558791

-0.50881442 -0.53836257 -0.67176903
-0.27464565 -0.63804118 0.71935611
0.81589071 -0.55051721 -0.17678561
986400.19553545 -5126988.81565619 3641869.28235056

-0.54344980 -0.47956192 -0.68897220
-0.30567577 -0.65134718 0.69448483
0.78180857 -0.58801974 -0.20738404
986700.52881626 -5126719.32506329 3642166.83749327

-0.57373782 -0.41986161 -0.70323619
-0.33665809 -0.66183228 0.66980547
0.74665001 -0.62104289 -0.23836840
986962.53802753 -5126450.30338716 3642472.93982275

-0.60469962 -0.34795816 -0.71642410
-0.37370900 -0.67038966 0.64102986
0.70333488 -0.65536465 -0.27534928
987230.74738935 -5126129.15280782 3642850.16972982

-0.63003237 -0.27758585 -0.72526223
-0.40973030 -0.67453654 0.61410222
0.65968196 -0.68406619 -0.31124452
987448.94343148 -5125815.83413457 3643229.83421424

-0.65008905 -0.20920625 -0.73049091
-0.44489115 -0.67455266 0.58910999
0.61600008 -0.70796289 -0.34544528
987622.54714682 -5125510.47045829 3643610.83378035

